2.334765731530319499e+01 3.347133521779400667e+01 1.316195898959087458e+02 1.408462680452592224e+02 3.127915492616499193e+01 3.991051868724813545e+01 1.306486620653485602e+02 1.605948842118797018e+02
4.688988895446409089e+01 1.087613652914186702e+02 1.117078909085406764e+02 1.347286678337755177e+02 8.733710522969526835e+01 1.084826955570615183e+02 9.104981697120696538e+01 6.567092605036805253e+01
3.153862200862305087e+01 4.025538665426568485e+01 1.501097433626514430e+02 1.146639928229855201e+02 1.045660190039646693e+02 1.460220374036045428e+02 8.817801557330595585e+01 4.522434453533743692e+01
8.465315671366505512e+01 8.973776303374215502e+01 1.029066183841902244e+02 1.008636016702114944e+02 9.349766727035067504e+01 9.305994030681027596e+01 9.564065838685593235e+01 1.250168777643420981e+02
6.406017303315404376e+01 8.708534662557381978e+01 6.450559228918686472e+01 5.601734797459960191e+01 1.193473255376734699e+02 1.094525685669446489e+02 1.005844283743877980e+02 1.195287772045031005e+02
7.241814065606565975e+01 5.716060177865492165e+01 1.105760304483627436e+02 7.292038031319938796e+01 7.151065268368762418e+01 8.759530515507400139e+01 6.228167123795086724e+01 1.315561711491803010e+02
1.327574663488698548e+02 1.232190730218424619e+02 6.572340418100250758e+01 1.298334877794100350e+02 7.201134908453477124e+01 1.381140144505819762e+02 1.216150043396029758e+02 1.473127722147102077e+02
5.326700306004092766e+01 1.064189334018336268e+02 1.317090291146151628e+02 1.420233920714817657e+02 8.725669745510879238e+01 1.241795178762115057e+02 5.210416654689504412e+01 9.426796320567051168e+01
1.194837893049369200e+02 8.408530995063090074e+01 7.470669398777205572e+01 9.734382430091559968e+01 7.476870889085391525e+01 5.566982988517327868e+01 8.493614942281823232e+01 1.119853376198283286e+02
1.516938168753943614e+02 3.466700153956870167e+01 1.333234848592005903e+02 5.169591888810933966e+01 6.676849138196087097e+01 4.898993505659459657e+01 1.101378000155444425e+02 1.524548890385894424e+02
7.113553528825872263e+01 1.078017456810455030e+02 5.404494686049206109e+01 1.325055597616323837e+02 1.059781076347825319e+02 8.031011702026029297e+01 8.844551247896255575e+01 5.748108917528253414e+01
4.864887104435885590e+01 7.830714763672901313e+01 1.062733290736460248e+02 5.179602549053200278e+01 1.115420556511770940e+02 3.612654813513643859e+01 1.328421697706754401e+02 1.276361538034196457e+02
1.007172300795820803e+02 1.196538526534004916e+02 1.053793202117011987e+02 7.657631420548980827e+01 1.032018181033402726e+02 7.315093006178628343e+01 4.967466875592778308e+01 1.165174380998287376e+02
5.350253363392652517e+01 1.126010279642288481e+02 4.047208003255903463e+01 3.636630352072236860e+01 4.480110183609212271e+01 7.132641689113376060e+01 1.349484591315890043e+02 1.160522653271796969e+02
8.829897929348756236e+01 1.058864912059718222e+02 1.091342530594314297e+02 5.874350069768944849e+01 6.704871456735254753e+01 1.206367666260349978e+02 1.076896831658825846e+02 9.261581174817693807e+01
7.132718449860446697e+01 6.497796610881340484e+01 9.282665296457342663e+01 1.153003967047828695e+02 1.161845955103957237e+02 1.216319092178649015e+02 1.033190164491382035e+02 9.586545191769891971e+01
6.338501635295023817e+01 8.588067745705613731e+01 6.439485823740812975e+01 5.212511722486708976e+01 6.244247818581792586e+01 1.015183793804685308e+02 5.901362144572168233e+01 9.996824833114409614e+01
1.171904028655448826e+02 7.150347989231137547e+01 1.339374749061641410e+02 1.039822259878858262e+02 1.151853037690024308e+02 6.064187700287060068e+01 9.319103804522940493e+01 6.692530635882404511e+01
5.316117640432006652e+01 1.231656278140622192e+02 1.371229228035798826e+02 1.339843397619721088e+02 5.621647175411804653e+01 1.207402852530839681e+02 1.165831471700949749e+02 1.149802054021042608e+02
3.937710631797536109e+01 2.255041634370715897e+01 6.509445088291592185e+01 1.297770317850824711e+02 2.911376747985353575e+01 1.472327952270161973e+02 1.530946115704856538e+02 3.658053840117906219e+01
1.421052762407651926e+02 1.313770518432129677e+02 5.748753662907364514e+01 3.748654783710441052e+01 5.014850281630146611e+01 1.099923245443225994e+02 2.662896690217826290e+01 1.064494843588012429e+02
1.429386199124876953e+02 9.223109250784787605e+01 9.835469486635361136e+01 3.856992278985229916e+01 2.773849958553803674e+01 8.979642583366258179e+01 3.108602448124206674e+01 7.985376617688405076e+01
1.031094442328434155e+02 1.115325860715832960e+02 6.589930973433752115e+01 1.040611672300990023e+02 7.829826720776301840e+01 9.672062019835664159e+01 8.679817552988551199e+01 1.060352800008827217e+02
7.088640908717836453e+01 9.026647285941034227e+01 1.135574393609660433e+02 7.579406781539539395e+01 1.011199777894953797e+02 8.298467335680490464e+01 1.107419247552310821e+02 8.701491662346367661e+01
9.370416879233528107e+01 1.245966624614518850e+02 1.239871073615298656e+02 4.443181911603453216e+01 8.948215907103495681e+01 8.570180795665852713e+01 1.018966515466569973e+02 8.725033752084843286e+01
1.046403406999279184e+02 8.819267391847586168e+01 9.721124102543389256e+01 8.493620590611135412e+01 8.134091559431982432e+01 9.191666332845106524e+01 8.571293259810205711e+01 8.080539833843398867e+01
6.099630884644740547e+01 6.969405003799644760e+01 8.498197422124304978e+01 4.675822207316685564e+01 9.160445441036348768e+01 1.094348704463134112e+02 1.091522196043689519e+02 1.156312710989332402e+02
1.170021240068307122e+02 5.803162600526363235e+01 1.126523006840079830e+02 3.378227737096729300e+01 4.798761014733698005e+01 6.709133820375706136e+01 3.553752055913018637e+01 1.277345381465182754e+02
1.040417575511297201e+02 9.987098828209995816e+01 8.712856519427525370e+01 6.283223541565116221e+01 1.024014124533379402e+02 8.933569883987927085e+01 1.140980725340754418e+02 5.558217059087809986e+01
3.954669863782390848e+01 1.229099899945460095e+02 8.742092487413401614e+01 4.361600072747107504e+01 1.112932071110357839e+02 1.171099932702318966e+02 1.023862604790171957e+02 1.284083494660198426e+02
7.207454920237110230e+01 7.631028215567299355e+01 1.043172460200306091e+02 1.112960817591400513e+02 9.126238895693525421e+01 8.914477942061647298e+01 7.386853358670107639e+01 9.605543247049006084e+01
6.897694275283859611e+01 4.880604498931017332e+01 1.025386638252716693e+02 7.431111633852820830e+01 9.301932102332665409e+01 8.923868703535575264e+01 6.471367370982636658e+01 8.022748351137462919e+01
5.855946671784460023e+01 5.538359241853816428e+01 5.454300179677029092e+01 1.012934795373347612e+02 6.769097742714978949e+01 8.634889696489833000e+01 7.077097699648706453e+01 8.643495631093308873e+01
1.444889200386954258e+02 4.339348219982868216e+01 6.385648298443802418e+01 1.483140354237527276e+02 7.086304446994763850e+01 5.661232399322144460e+01 1.361916428255341316e+02 3.594388766842645566e+01
1.264877450587302690e+02 1.046302738083277006e+02 7.142329996668176761e+01 1.380341931859875046e+02 8.561862815423612005e+01 1.174465843056042615e+02 8.706042461803059496e+01 6.336342462780906004e+01
1.314661638674715221e+02 6.886476151745551988e+01 8.742515390172732737e+01 7.627675764878357256e+01 1.253600257612570772e+02 8.646402099128340524e+01 1.245697376630071744e+02 8.896158274602687754e+01
9.346945513335924716e+01 9.890707559977951746e+01 5.015799840114728880e+01 6.997986693841471606e+01 8.527622407100477631e+01 8.585391197619424020e+01 9.608604856158264340e+01 7.223481704787489832e+01
7.200160875237699543e+01 6.313527003243615354e+01 1.155211039847372376e+02 1.052531094428251350e+02 7.257416535227970655e+01 6.353416646822759617e+01 1.073573303188490229e+02 5.597806223334487186e+01
6.399718411180072053e+01 9.646848321460487341e+01 7.981908002567645610e+01 8.678907888903586354e+01 6.991394876622686638e+01 1.024323576078944456e+02 1.034379722073838792e+02 9.999137911540813661e+01
3.978670412002685453e+01 4.288025547832516082e+01 3.988272402478056478e+01 2.135884372227248207e+01 1.572422234278973896e+01 1.410487056098855874e+02 1.541490855721271203e+02 2.803149804466959694e+01
4.250852934212863943e+01 1.362091738292007790e+02 1.426759295240548511e+02 2.880289526488077101e+01 4.513782850256443879e+01 7.670194320057991888e+01 3.010582206527039872e+01 3.032348012486447075e+01
1.315273068845496596e+02 1.311561365358374474e+02 7.903397897045840637e+01 4.794297108422939147e+01 7.364023429549750688e+01 4.995493995842370083e+01 1.255231848762915092e+02 4.984528863924025899e+01
1.185103362309197053e+02 1.180788120158752292e+02 1.198909085699269497e+02 1.057624047758223327e+02 1.040318289945904979e+02 7.602431678428939676e+01 8.361570938168915745e+01 1.105709954845668790e+02
1.213563743690159953e+02 5.050650441387781342e+01 1.458835157494507371e+02 8.453622742605676876e+01 9.089648962426090861e+01 9.694760026534083863e+01 7.499252663581501110e+01 1.206033707609883407e+02
7.307975272426956792e+01 1.277622884616569081e+02 7.588518636539332363e+01 1.144913959149652811e+02 9.808997881539259822e+01 6.913529865586299650e+01 1.367386057573602329e+02 1.002325093051153573e+02
8.774080922817810801e+01 8.409937006479216848e+01 8.678956123537744816e+01 7.928118156507608205e+01 9.955281705153868188e+01 9.314024867532346263e+01 8.254275450622071730e+01 5.609573217579853832e+01
1.031227504297096829e+02 1.144904547281452381e+02 1.431452098697012048e+02 5.234054629414131909e+01 1.143098945081770097e+02 4.849979225530827165e+01 1.241492154590200840e+02 7.223681784993937072e+01
8.796539037729637300e+01 1.071060736610092050e+02 8.535301015980928696e+01 1.150000651471887920e+02 1.179928220786340773e+02 5.356304393115244977e+01 7.309292901173179757e+01 1.077496294786025430e+02
7.005087600235304990e+01 6.120590969645184742e+01 4.655767514767791226e+01 7.169770216791005168e+01 4.968533890071422121e+01 9.509551564916553446e+01 5.461379458006672394e+01 6.989816991949369651e+01
1.612189702621485026e+02 1.562188386869560190e+02 1.526594556245791239e+02 2.899102639408548399e+01 1.626339133796647616e+02 1.405063997770598121e+02 1.454478534456082741e+02 2.446651190182168634e+01
