7.806267384817769539e+01 6.067630871294982597e+01 9.311088121666807638e+01 7.097097954972097966e+01 9.158634643625335059e+01 8.555510553215019343e+01 7.082279090013508949e+01 9.410248085369234161e+01
7.810672900543309538e+01 6.640812741929531171e+01 8.059965001764433623e+01 1.099731754382687825e+02 1.026723595595287435e+02 9.843780049646275643e+01 1.062924815032421435e+02 7.763298197117423172e+01
1.049892774677906289e+02 9.344372390209645118e+01 7.673011276016913484e+01 9.092615017056199633e+01 7.108336613871117038e+01 7.692693822431012052e+01 8.698200265379263385e+01 1.125994217087251741e+02
9.470687763703189432e+01 9.690334660787323173e+01 8.300850234694981111e+01 7.269204668478408848e+01 7.348949551479147146e+01 1.223901476712805021e+02 8.166792187169231454e+01 1.039048842453209573e+02
8.698728470945101776e+01 9.699667326370166620e+01 9.466401949712030728e+01 1.002207824149316338e+02 1.088992264721772187e+02 1.171990028951091176e+02 9.034700842613408156e+01 8.200361897186391502e+01
1.140000615539718467e+02 8.396274107981923862e+01 8.735034893533443778e+01 9.099253008814130794e+01 9.900184919139566375e+01 9.148547245414822271e+01 1.020175755147825640e+02 1.019536719947511756e+02
8.878291614380016483e+01 8.292401193202367438e+01 1.073891980430309587e+02 9.628480694415178220e+01 7.238815189806604167e+01 8.879213656240750652e+01 8.692758204331032346e+01 8.971639806230233205e+01
9.537762800754342152e+01 8.587787205943010349e+01 9.018399889404564362e+01 8.363925765041048521e+01 7.174922365910919098e+01 7.739839814597249301e+01 8.201021143752018361e+01 6.171889533812856854e+01
7.472206785720885591e+01 1.035488900173604492e+02 6.977803926423595726e+01 1.133867955103547160e+02 9.133809369097517106e+01 6.625855226292509315e+01 9.811181311049546139e+01 1.149823507698199023e+02
9.905811862510886101e+01 8.196134184266612976e+01 1.176506590604853386e+02 7.009982267148555479e+01 9.286352722431884388e+01 1.034158546458686772e+02 1.129052290314210012e+02 1.112185736152670188e+02
8.736171958054842435e+01 8.502221351069208310e+01 8.586945827804451881e+01 1.001148511865495152e+02 8.818233591890039236e+01 8.659311349575847316e+01 1.024766857603371761e+02 8.851633104338746705e+01
9.779652226718280872e+01 7.535548360597654494e+01 6.774698669089664804e+01 1.123076169862279983e+02 8.155472753568936639e+01 7.313559266988731622e+01 1.278522891902357230e+02 1.218135498970336812e+02
9.673646486651981036e+01 9.074597793220837616e+01 7.393158148360279824e+01 7.587350099317693264e+01 9.508762822557442007e+01 6.460760477800967294e+01 8.958494237677525973e+01 1.106958495905030873e+02
7.797924494876679091e+01 9.547352864375419301e+01 1.084851820315119113e+02 8.013305421320883681e+01 8.202687111895411931e+01 9.314812185574363923e+01 6.406997211713840557e+01 7.502213025869025387e+01
8.397418074541339195e+01 8.387425658045216892e+01 8.932714339999098740e+01 1.029481724354214407e+02 9.638447519759178306e+01 8.762871125412128492e+01 8.414210296212088736e+01 9.486156835112750230e+01
9.135575864164856341e+01 1.261096137095192233e+02 8.991819324364550425e+01 8.331307405260758969e+01 9.472066481897462609e+01 8.242819958454010987e+01 9.382004032403035865e+01 1.038216375079824303e+02
8.929553213387031008e+01 1.056264043025348371e+02 7.193054661102986813e+01 9.793382399433670571e+01 7.859084870913289933e+01 1.060492357186117545e+02 1.015831579163942138e+02 9.131844474279148471e+01
9.565094625078367585e+01 9.967300459143781666e+01 9.513373843638612470e+01 1.119212441165265659e+02 1.021968295683928432e+02 8.462011006149720060e+01 1.044711047121415390e+02 9.454377309949859409e+01
7.683043680491300620e+01 9.364019907737436199e+01 9.667717760289623641e+01 1.107722479406176461e+02 8.767727071200728517e+01 1.058776088563513298e+02 9.076954349947209266e+01 9.505994336013003476e+01
8.770168850666649973e+01 1.020800254563585696e+02 9.903307111435694310e+01 1.044966805581724572e+02 9.548674953476034943e+01 8.213182647906201339e+01 8.172202353421228338e+01 8.528609555880812820e+01
8.750264681715357540e+01 8.692852675844174826e+01 7.367204339503091148e+01 1.040789548691320618e+02 9.116764696219522079e+01 1.054020852287190451e+02 9.964067972212275492e+01 5.759576653791577172e+01
9.696044986667656929e+01 9.773764789379872298e+01 9.540584515785596409e+01 8.261513337261671097e+01 7.360108290356970429e+01 8.875402947003081522e+01 9.916723587348188573e+01 9.101117713385244201e+01
9.727577466321658051e+01 1.036370786144701981e+02 8.732254687407282745e+01 7.461988602716677121e+01 7.839567162335772821e+01 9.226442746826985797e+01 9.508509726163667608e+01 9.171199585767749340e+01
8.758734949085253163e+01 7.720850273753158888e+01 9.547801401707175728e+01 9.727638584018232848e+01 8.589704030002067725e+01 8.818935248771715862e+01 9.613115387870773532e+01 1.057273008059667347e+02
8.582470244968442330e+01 7.797237415360990553e+01 8.709888478549407864e+01 8.591508136902194792e+01 1.044690003752558880e+02 7.103405260508932884e+01 9.192593056164182030e+01 9.160722528455963243e+01
1.043397150894215599e+02 6.466736499394961868e+01 8.915458880343258841e+01 8.666104855866676360e+01 8.934356431717259284e+01 7.462848007867179945e+01 8.871558908251461162e+01 1.013476328208977009e+02
8.218660016113588540e+01 9.003592222912803322e+01 8.259336357399443784e+01 8.808959702261928726e+01 8.071058227898696202e+01 9.369751355811261817e+01 7.178449566624634315e+01 8.672848380657030987e+01
9.211400162470242492e+01 8.080392804161522236e+01 1.146559340945577645e+02 1.026202017469367576e+02 6.379010693776256602e+01 8.604403872661714558e+01 9.133410008439142302e+01 1.033339657404067680e+02
9.462303406855205878e+01 1.032661049937608198e+02 1.003466276084356110e+02 9.668708192624649200e+01 9.871615484626062198e+01 1.072927162239270729e+02 7.919330839000969036e+01 8.912540057356027035e+01
9.679221051371800399e+01 9.276410001106721381e+01 7.170706326111725559e+01 9.032714923313780275e+01 1.107501204632030323e+02 1.103281588911741409e+02 9.284209853868604512e+01 5.600992958198947491e+01
9.491321058404354005e+01 1.107237377630255395e+02 1.079958674570334978e+02 7.868194960794164672e+01 9.777767510492915903e+01 8.160976999697800238e+01 1.095148619793292966e+02 7.904660587390571891e+01
8.066382775586390608e+01 1.051921203348671270e+02 9.066722110701824988e+01 9.317122226731002854e+01 1.237596549104346906e+02 9.055961703275023922e+01 9.804015041514409745e+01 8.524270955516459480e+01
9.721591793170541962e+01 1.136681794967737318e+02 1.009233319949438084e+02 9.662801401991930561e+01 9.312122823303685948e+01 9.531177080759412945e+01 7.659160370373962223e+01 9.185532006541670569e+01
9.540077518907669685e+01 8.011221645242025602e+01 8.270006730247932580e+01 9.519014128130456243e+01 9.435669059861163532e+01 9.416395648145426378e+01 9.640025780488939233e+01 9.625165444465447706e+01
8.494616731721498581e+01 9.932475385360596931e+01 9.049624229424424016e+01 1.034939900027068234e+02 8.036654958025484063e+01 8.738179374956766310e+01 7.572442919213401069e+01 9.234121805906671909e+01
9.900691907898506372e+01 1.211260548863813966e+02 8.968519309939493667e+01 7.824345963881138744e+01 8.259248911918797376e+01 7.714134607401631172e+01 1.034562777364971708e+02 9.712803843350933164e+01
9.589311906947023090e+01 1.038376344211731777e+02 9.535940899179055918e+01 1.010179768243632026e+02 9.001658361409869258e+01 7.851509609164359915e+01 7.783274305947426797e+01 1.094456424373554597e+02
7.000428859826104144e+01 8.961250739752405536e+01 9.065872244133498725e+01 8.781421131231806498e+01 7.447836778970673777e+01 5.115922436724258660e+01 7.498155584672214502e+01 1.017126198935638683e+02
1.147597263322001737e+02 1.121166029313404096e+02 7.777670423396577348e+01 1.121501095363847469e+02 1.079635402194033986e+02 8.482768211271121572e+01 9.424334193653947978e+01 1.001122747320002446e+02
1.014962159494963316e+02 8.651454284794900218e+01 1.049269855026621059e+02 7.864683329579467852e+01 9.432182887410009187e+01 9.844102099239798065e+01 7.906634115778921057e+01 8.044991431976238516e+01
9.298684636702176931e+01 7.967091304307510313e+01 8.569672515390949741e+01 1.009156841929116837e+02 9.164373148135906888e+01 7.904297680387537639e+01 8.362516037953851367e+01 7.949659837726917999e+01
8.846344018955846877e+01 8.187130117832937515e+01 9.873987488039175275e+01 8.928810510321018512e+01 8.804330023241720937e+01 1.000561624424533420e+02 8.563649242014011520e+01 8.080354391507414391e+01
9.159359495899676062e+01 9.457084804600116001e+01 8.097852346514798683e+01 7.925396696265993057e+01 8.032862647230646758e+01 9.245211521541881439e+01 1.013651106463853466e+02 9.019793947276357926e+01
8.274529636491578799e+01 6.707368789068402748e+01 7.123849985470930335e+01 9.637900840520448753e+01 9.674385265065811268e+01 7.936266038931525202e+01 1.044712903049498323e+02 8.990697872146421332e+01
9.533246988797704091e+01 9.304572228191538841e+01 8.797663169100974301e+01 1.096346198752962522e+02 6.270263697258543800e+01 1.079938611764307126e+02 7.221109200983114818e+01 4.661249523975559583e+01
7.500674203811757934e+01 9.112878982095107006e+01 1.117592983369107031e+02 9.300953209997361171e+01 8.496838146179547380e+01 9.467303182018909524e+01 8.578925311464765002e+01 7.512555743808333375e+01
9.145429638803139483e+01 7.633858386832750398e+01 9.653574629294787712e+01 1.042608464506831609e+02 8.116972502590408567e+01 9.241043693226066580e+01 9.406225657305417087e+01 1.005201162165095781e+02
1.099925676235182692e+02 8.921502233261969650e+01 9.092837021718155199e+01 1.013985719043346023e+02 9.408529726830741424e+01 1.126407925741069818e+02 1.128556770775765017e+02 7.476077346498280463e+01
8.612354830291306484e+01 8.759600463227995704e+01 9.707655747883035247e+01 8.816315817361657992e+01 7.888511982820111257e+01 9.511734679909335455e+01 7.879927646965765575e+01 9.335741177406818281e+01
9.896011733038653801e+01 8.620510654196429812e+01 1.045237161756890742e+02 6.530900280455230700e+01 1.081888475982823223e+02 8.494284593339733647e+01 9.091744690649164795e+01 9.955403552956160240e+01
