8.235583114736817834e+01 1.028068415869747554e+02 7.476605801032191323e+01 9.139680552067206065e+01 8.374321470497994824e+01 9.922756273942748351e+01 9.306863918907291122e+01 8.384814161152107204e+01
9.237210591502888235e+01 8.186539256415584020e+01 8.450967550474778989e+01 7.240094954568883168e+01 1.038432168293041826e+02 9.049911481853767725e+01 8.232867285555700221e+01 1.058486225075422311e+02
9.934376917817083097e+01 7.396344964627148499e+01 7.113420404558951304e+01 7.724690980348793801e+01 7.954181570004901403e+01 9.692644040847137887e+01 7.481593064809695193e+01 1.084557738878285846e+02
9.865785079906136446e+01 7.103860102573051449e+01 8.464148601367114111e+01 7.614504209317831851e+01 7.488529782646659783e+01 6.850667909850098169e+01 7.259594716121993940e+01 1.005459527456173277e+02
8.128180299538620091e+01 8.491934978173330251e+01 9.176142596299851562e+01 9.606630184736413014e+01 8.385843799839746282e+01 9.288755143470180542e+01 8.443965465085761934e+01 9.803886630335072994e+01
7.427186802191660320e+01 6.846018706000239717e+01 7.295064921591286122e+01 1.108703529132047123e+02 1.135834264107024012e+02 8.070628842523132107e+01 7.741158274887794732e+01 7.212807243780595456e+01
1.037483040983133264e+02 9.771814281594060958e+01 1.098811075502093360e+02 1.148786145377012815e+02 6.497480327468022665e+01 1.093842893027885026e+02 1.103811248210121647e+02 1.179848260930171620e+02
1.052384292154131487e+02 1.022005728959016579e+02 7.576646120403444229e+01 6.997728521959932380e+01 6.757227982481362005e+01 7.103937615781816817e+01 1.125631174085033592e+02 1.103334943680918627e+02
8.905805334594100486e+01 9.943042174908255504e+01 9.118127519510821344e+01 8.951813821215415601e+01 9.685230239220933868e+01 9.209347816940990583e+01 9.867823733331678682e+01 8.548439994398205499e+01
1.084865262660139820e+02 8.519812812282579273e+01 1.195619813706600212e+02 1.129776147935613722e+02 1.211743422484310742e+02 8.795575109651876744e+01 5.208659840218349757e+01 1.216895322953275240e+02
