1.107160316206094564e+02 9.084276825618829321e+01 1.167706818398469437e+02 8.478413423206333732e+01 1.110579881069939177e+02 8.801053610116683501e+01 7.283998355024102977e+01 9.408623340833216275e+01
7.320757884256347836e+01 8.313846934108632070e+01 9.326911878852797599e+01 7.799783235571575801e+01 7.819548039767022374e+01 1.006363626445207018e+02 1.074603705965544549e+02 7.002969830009294583e+01
8.749488239690549563e+01 7.070256299108848452e+01 9.579080038315025547e+01 6.352363512189695172e+01 6.696861983145174690e+01 7.554059271505192896e+01 8.367160812083531596e+01 6.868575785890830332e+01
9.833327148120334016e+01 7.557130136870962644e+01 6.456688862840492504e+01 9.999646159173038029e+01 8.100232651430141573e+01 1.060954517200515710e+02 1.052228285697655821e+02 9.147731244562882580e+01
8.512818058947681266e+01 8.720212007345998018e+01 1.055002273399087898e+02 9.726804795709527696e+01 6.621887305396414547e+01 9.440152253123130777e+01 1.124277562996175561e+02 7.837710064554812561e+01
1.081246339009668702e+02 1.123693058322996876e+02 8.651102967063660287e+01 8.396960619204872955e+01 7.966361177666489368e+01 1.026074023264806243e+02 8.430745131881803900e+01 7.641657461892710046e+01
9.575983739777842629e+01 1.041905705467873702e+02 1.285374409072139770e+02 7.173289189620822981e+01 1.024323993899197802e+02 1.162858404437146618e+02 7.171452497402633242e+01 1.142475977790733168e+02
1.126960215851809011e+02 8.111546641749504261e+01 5.260389250061421507e+01 9.499296150420859419e+01 8.235539399051103260e+01 8.383544869551684542e+01 8.071841905150149898e+01 4.877150708462727380e+01
8.743858467962833458e+01 6.861280757681926445e+01 1.095998253783440646e+02 9.745361262185814155e+01 1.151738063157965115e+02 1.092767771719053229e+02 1.119876273551881809e+02 1.209404272629214603e+02
1.122982493537590187e+02 7.883177285893198416e+01 5.349728231352334262e+01 9.858423239094915402e+01 8.878449873964906658e+01 1.264943956685567343e+02 7.679557427364674993e+01 5.315583789971373108e+01
8.822167154956814272e+01 1.017035829820295021e+02 7.943227493366734393e+01 1.205871340583326088e+02 7.693547391432845473e+01 1.030663707648358525e+02 1.050408197489775688e+02 9.341219891666160891e+01
5.845606952117744015e+01 7.256780042433257449e+01 1.124054137578084323e+02 1.226061756119321728e+02 1.026233811646808931e+02 8.605289231611384082e+01 1.118754804447492717e+02 8.957164071016423179e+01
8.188068043943901841e+01 9.325030722748394396e+01 8.316017918890734961e+01 8.971203324863716944e+01 9.365951182957270760e+01 8.024066787626016151e+01 1.195838197132071343e+02 8.228919818809963260e+01
1.014427371092535566e+02 8.306284157056150264e+01 7.375978900298908059e+01 8.664123795073604128e+01 1.219168927209130686e+02 9.830706242258511907e+01 9.761751823472070555e+01 1.004111965649006635e+02
9.741584512327929701e+01 7.594521141585205726e+01 7.674385309028029667e+01 1.117487592112733665e+02 9.500513231483327559e+01 8.017045455525456532e+01 8.808330513037863341e+01 1.097790752485049239e+02
7.504727989023793100e+01 1.087437978086334880e+02 6.882507707908050065e+01 1.052908618941095256e+02 8.610511244258525210e+01 8.059478599788943143e+01 9.565011097336991952e+01 8.469428930398952104e+01
9.708616226554507023e+01 9.009181003511579888e+01 9.130089114790864357e+01 8.350634180058338529e+01 7.434833529296177801e+01 5.514446237559978670e+01 7.086032602429831684e+01 6.926135728330098118e+01
9.552518111524334188e+01 1.258703700162361940e+02 9.476170658975084393e+01 7.322181851613395054e+01 9.799957872189831676e+01 1.379906424836463543e+02 8.710244202510338596e+01 9.858507231576092522e+01
5.799987698461847430e+01 8.970601950993226126e+01 5.430792946235863639e+01 7.429721247367450587e+01 1.147581062566431598e+02 7.923676500264633660e+01 1.126923054780570510e+02 1.025244766299351795e+02
9.231012003146378220e+01 9.807339845774902187e+01 1.008662478835102547e+02 1.257584108618188594e+02 1.068220512976608205e+02 1.222043616032942452e+02 1.169998713941145638e+02 7.039171052327233724e+01
8.559302950736284288e+01 1.174780812923854114e+02 1.018484307920844287e+02 8.733663742844311173e+01 1.002968985408203224e+02 9.771264003647100083e+01 1.125979361846280966e+02 8.307535622895940719e+01
9.228172598787898551e+01 8.352914725668540541e+01 7.723105342566447007e+01 1.132500005208035248e+02 6.769785760747289771e+01 8.993871330265271524e+01 7.211182435534054491e+01 9.939306748126278990e+01
1.031339785238491942e+02 5.226529136714286494e+01 1.040198069672604504e+02 8.466853078394876775e+01 1.210936891782739195e+02 1.042833884693715873e+02 6.125438738220422863e+01 5.661602698838657233e+01
9.989895498430750820e+01 1.115010902346271564e+02 1.115788217589432350e+02 7.833266322469765441e+01 9.045809796279309012e+01 7.829220792930370010e+01 9.143493260734378225e+01 6.217981714233824420e+01
1.092270846209159174e+02 7.162193391055474478e+01 9.929376253667805940e+01 7.909661312661556565e+01 8.027783489956249241e+01 7.497821788853636349e+01 9.005703738166708661e+01 9.010425269844543550e+01
1.038693363013267401e+02 1.063342090650399143e+02 9.598514697060781486e+01 9.442278175801006057e+01 7.868665969585292430e+01 7.423006512356649012e+01 6.065161135206302845e+01 9.415546791733738985e+01
1.180733389191969138e+02 1.186023142375501038e+02 9.254965454005052550e+01 8.831315221433361273e+01 8.732992082627761476e+01 8.727096395216983638e+01 1.041970593146088504e+02 8.138150806467056952e+01
8.113920623749102390e+01 7.455285633767012143e+01 1.230236838939018753e+02 1.013166894528715858e+02 8.100439738939500955e+01 8.167981338058827134e+01 7.076702966912522186e+01 1.036932168800428400e+02
7.651624590004291804e+01 8.771506378389658209e+01 9.640715976282494637e+01 1.117500886413802590e+02 9.288059015096773408e+01 9.575526703356138114e+01 9.467658678918614612e+01 6.944482366589207345e+01
4.844639096431862413e+01 8.894915701440285716e+01 8.802341534581603355e+01 1.171146608735956534e+02 8.841466435574768923e+01 7.319171157055981780e+01 5.106540005960651740e+01 7.817767081785608241e+01
8.028053723287420951e+01 7.849843248500408777e+01 7.021815636329074550e+01 8.887504208843893139e+01 1.009297359309996267e+02 9.485585206037271178e+01 1.145619629073014636e+02 1.135068517521281422e+02
6.443441120616469675e+01 7.238370212655055980e+01 9.677881462806124091e+01 8.150028087160427503e+01 9.303844218771527608e+01 6.391296078919540236e+01 1.290037476999339390e+02 8.505122956086033525e+01
9.543865940656064595e+01 7.962323329637349900e+01 9.126493077688346034e+01 7.286502738084269026e+01 6.494938024065739057e+01 9.554059269968230694e+01 9.200645210235362015e+01 8.981203822576323148e+01
1.082277127627461510e+02 8.515807352409161979e+01 8.623688806098284942e+01 8.842066634053621499e+01 7.962451544845963269e+01 8.052891503256073236e+01 9.704569315290625298e+01 8.427438071916823503e+01
1.005067779679773849e+02 9.569625221003990134e+01 8.389880323999452116e+01 7.026696889362960974e+01 7.741101205290397047e+01 7.583867231171019796e+01 8.815138661507944562e+01 1.184219169627616992e+02
6.978514609533820590e+01 1.127465331854267134e+02 1.052404673551501304e+02 9.264028393850722409e+01 9.451150904220229165e+01 8.997977615876237678e+01 1.025830190407289706e+02 7.970437804069463539e+01
7.716192546969851662e+01 9.073413365617200554e+01 1.016783888241663192e+02 6.300801430013274285e+01 7.727796131865287066e+01 1.187681860036052228e+02 1.078944662222791493e+02 8.038518602841509164e+01
8.061401719658823595e+01 7.285805767634168717e+01 9.209769460146455344e+01 6.928239628805096118e+01 1.056147099392347855e+02 9.524288982052183883e+01 1.081766315303082138e+02 7.840602499719180685e+01
9.719511044876171013e+01 5.978073236609090202e+01 7.466676383952737694e+01 1.102993124650768237e+02 1.110664516245403917e+02 6.757276462994444444e+01 7.472080305643318354e+01 1.159613365244443912e+02
8.696152838447360978e+01 7.231955125215306168e+01 9.004063455471724353e+01 1.177084791930914918e+02 7.128944841777595798e+01 1.003554775626473941e+02 8.359384373625985631e+01 1.126697553632327384e+02
9.902518555795458610e+01 6.720900955398066401e+01 1.174940643045977566e+02 1.048187763573362901e+02 1.030434696486215955e+02 7.992576128223664966e+01 8.936356328808679450e+01 1.170590726727115793e+02
7.106734663384227701e+01 9.325386516113530888e+01 7.856209438022808911e+01 8.906015489611695557e+01 7.744988082329855672e+01 7.609741433280025547e+01 8.182859657372894446e+01 8.581742627606335816e+01
1.010912090270099526e+02 1.140192566960721336e+02 9.655760742230428662e+01 8.629649001514279405e+01 1.083777160010127005e+02 1.135053411562328165e+02 9.198297882072965592e+01 1.025498558020198914e+02
1.070014593311149582e+02 5.568485430704141237e+01 7.906229557407705499e+01 1.066010583619235348e+02 9.856166161876940635e+01 8.455031715492297906e+01 1.195824265986599499e+02 7.864762967122791792e+01
6.708569444887929478e+01 1.141988441758492314e+02 1.023809660764242437e+02 1.021802520013910538e+02 7.488918457912089366e+01 9.850439020760759945e+01 6.322557302489116182e+01 8.885486981015941410e+01
7.621454946249519935e+01 9.641183518694590759e+01 8.779936644768875453e+01 6.581461069329584745e+01 9.711489782202032472e+01 8.016667685081351635e+01 8.571217778323078562e+01 7.796236129924274394e+01
7.103036844324942933e+01 8.800608528871286751e+01 6.740759851319313611e+01 8.226327820176128114e+01 8.778824028409742652e+01 8.569929298466747980e+01 6.835341299172365837e+01 8.162537061363397584e+01
1.009410292263491584e+02 1.003889094197014487e+02 9.659202831652939381e+01 1.183650848196492404e+02 9.822306304760643059e+01 8.213394614167064844e+01 1.088614160348067799e+02 6.911823513268812746e+01
1.024277200517135782e+02 9.131542305833075091e+01 9.227523657677504332e+01 9.508710473734666380e+01 9.908188317023059710e+01 1.184147147077197531e+02 6.527193504992514761e+01 9.207166730302057545e+01
7.206673016455270897e+01 1.342327598725908331e+02 8.887107594149675549e+01 9.665895957347207457e+01 8.188935331928871619e+01 9.179812634156961337e+01 8.226445991812262548e+01 1.165665312779823353e+02
