6.209512697009188287e+01 1.128243522300713551e+02 1.191425309159244819e+02 5.575073521749160221e+01 6.606768088520580307e+01 7.418839535005382402e+01 1.105231851548104629e+02 1.196114331734269740e+02
9.360587912516683673e+01 1.020423616623932048e+02 1.018614164469715320e+02 1.194804184286812898e+02 9.723622875139376731e+01 9.993949365250355754e+01 1.144193986038222448e+02 1.078601114850940661e+02
1.081881609004311002e+02 7.565290412919738117e+01 8.595921096394096139e+01 8.703113776851023431e+01 1.196971291657290948e+02 1.046393022217022803e+02 9.717604695825670547e+01 9.719248091896959352e+01
1.012697135954506962e+02 9.693474345822949090e+01 8.774688990292136737e+01 7.773182471584050290e+01 9.186719931022803109e+01 9.987721026705706606e+01 7.419161619168905020e+01 8.651097909580265366e+01
5.646480767254998767e+01 7.735508418097190031e+01 9.922196252738109479e+01 9.931633710025701589e+01 1.100857905678078481e+02 5.874369581118066463e+01 1.001516031127029009e+02 1.099330306466922877e+02
1.009959160366182687e+02 9.486222514476581580e+01 9.073403390606047481e+01 9.509951110362821680e+01 9.539893406477702342e+01 8.956857640639216811e+01 9.491801576178848165e+01 9.232304655581755526e+01
6.118411130027005385e+01 7.010716006653268551e+01 7.057534708107408505e+01 1.334689257204340436e+02 6.929022362491865294e+01 1.026447222295468009e+02 6.095001078447016596e+01 1.125758308495170184e+02
5.603909518181604454e+01 1.139517600633419931e+02 1.119849863196472199e+02 1.309089365981375863e+02 9.490037757825632525e+01 8.105992289684949981e+01 4.149640543973243467e+01 5.333431814929847548e+01
9.382542507643469776e+01 1.047474871496319224e+02 8.774745029636825677e+01 9.438170995553039688e+01 9.122145621538599869e+01 6.211851130328521720e+01 9.198190550741159655e+01 8.372694670880036938e+01
9.808696898032586375e+01 8.570838147811198837e+01 6.527634573032942455e+01 8.822596576086480979e+01 9.918874840937013460e+01 9.322006423531978214e+01 8.363758765493163594e+01 7.849195943240817996e+01
8.616344901194699446e+01 9.078177753763847591e+01 1.005945137398600053e+02 8.737491031760755789e+01 9.311715619351295459e+01 8.652016811015896280e+01 9.230010063165170209e+01 7.742505909425183575e+01
1.240644470317519250e+02 7.583232469299953493e+01 1.141775511217433063e+02 1.200315295709368684e+02 6.173529224498023638e+01 1.042702520056232345e+02 1.129199372912640769e+02 1.102524937626620840e+02
9.494139368485113550e+01 1.092361035163218901e+02 1.198410856085797178e+02 1.048954637252082023e+02 1.036473083182048214e+02 1.088797278923775593e+02 7.050494871705507194e+01 1.014413202676318377e+02
1.012202576628275636e+02 9.331037723781243187e+01 8.508230516611708083e+01 9.510134316465446602e+01 1.245763296494458530e+02 8.965986565167007427e+01 6.525263098843068121e+01 1.009355567495266683e+02
7.535133748265674569e+01 8.553690108011674909e+01 8.442768627919755886e+01 8.607601352245941939e+01 1.130676953566915017e+02 9.137288691947193797e+01 9.045067489395782445e+01 9.190868423786940866e+01
8.179319463328640438e+01 9.086887111222800684e+01 8.431710233026414869e+01 7.770624413606918779e+01 9.885660007610573530e+01 1.012247081451591839e+02 8.421767794243581307e+01 7.484329117923816455e+01
1.126415243188048407e+02 6.673287152648248366e+01 1.136884270240859962e+02 1.120272064571685462e+02 7.553452453989579851e+01 7.491821237791968713e+01 1.126417783071255911e+02 7.529698170254729916e+01
9.672682174792372223e+01 8.387373501796749053e+01 7.008600583296832554e+01 1.058210294976177579e+02 8.689882396436162537e+01 9.276397185484891850e+01 8.146112977777714548e+01 8.458424419436592245e+01
1.193827837406821715e+02 1.093038083090945349e+02 6.648710991036006135e+01 7.567001293257305861e+01 1.012233142720691035e+02 1.041278792961256840e+02 9.888122258604551007e+01 6.616215972311074722e+01
1.103445043649107760e+02 7.191850042396804099e+01 7.717158922155321932e+01 9.438469748298851414e+01 1.177519276389059257e+02 9.378638280006634886e+01 6.819971945388307688e+01 8.629956378420845908e+01
1.286501151465275825e+02 6.169659191303862400e+01 4.417994276532845532e+01 5.196570422187341620e+01 4.018147282582459923e+01 6.594198722270945723e+01 1.477129766007386991e+02 7.035003366499972799e+01
6.849724330532747274e+01 7.370273948001143083e+01 9.142364585862057424e+01 1.209165667584111930e+02 6.944209400774066410e+01 7.284882309246371790e+01 8.766915779563927913e+01 9.084262746407488009e+01
1.067717374853052519e+02 7.559191425249954932e+01 6.627459430295385800e+01 6.600437829415599822e+01 1.086234535330399069e+02 1.064842829423159571e+02 6.632571135234660176e+01 8.514940025349930863e+01
1.011976842105759431e+02 6.610872333408097745e+01 1.053934359268007341e+02 1.219024467380390178e+02 8.772167131695401565e+01 1.128395039540332192e+02 7.177502770695602408e+01 1.059729165134156403e+02
7.988331752077688463e+01 1.019767874730921022e+02 1.022259232074391662e+02 7.881651430506876466e+01 9.028593135321425223e+01 9.061945815144753169e+01 1.000842816691861117e+02 7.053640839238127569e+01
1.164123536825743628e+02 8.894733630125482193e+01 9.389511436373800279e+01 9.664255789739564761e+01 9.533466038287940592e+01 8.800938421127241895e+01 8.299690017960448074e+01 1.032245215905472122e+02
6.212962764179260944e+01 1.198201283545722617e+02 8.473569396890482608e+01 9.061671142549819535e+01 8.392834825411779320e+01 9.925126556302294034e+01 9.915842996783511865e+01 9.202913108083504312e+01
5.822809763088500290e+01 1.139035120173114564e+02 6.556729312633017059e+01 8.038455193091755291e+01 7.638582885195792471e+01 7.080153957428255751e+01 8.344503843316728364e+01 7.853337108900851149e+01
8.202839854251901386e+01 7.080392994402056672e+01 1.020828723866744525e+02 1.076016917556328423e+02 4.700083255010234495e+01 7.781589628276519477e+01 7.828858815221717293e+01 1.036217354306494371e+02
5.093442298448718475e+01 1.055670053438939959e+02 1.129090960009447144e+02 6.261456656980633539e+01 6.856663507040435945e+01 7.031777129375068114e+01 7.343458305139738229e+01 1.039570165445993553e+02
9.694323799153143284e+01 1.090554621476198207e+02 7.896662326414883637e+01 6.758278826656564320e+01 1.090268391421699903e+02 8.985627888432843235e+01 1.118289285431621778e+02 1.015644047921493751e+02
1.001317092041618650e+02 6.524275252192198593e+01 8.808780329050247815e+01 1.070825728342466476e+02 9.983575995557599470e+01 9.554180227957225213e+01 1.247558706019571275e+02 7.133640724262609467e+01
8.300920598870654032e+01 6.495594044429108749e+01 5.961133093006582584e+01 8.627432587487652427e+01 1.068259848899045608e+02 8.372612369457669956e+01 7.816696142357235999e+01 6.967801530269731813e+01
1.384004966684530871e+02 1.239928069664029096e+02 5.333432521038528051e+01 4.921648344519427098e+01 1.015900707498949345e+02 1.178031609000345412e+02 1.321091371889515642e+02 1.236166160344951237e+02
7.368406943817062427e+01 9.843455291296939436e+01 1.218513582694683208e+02 7.944712123405849979e+01 8.842506243100531549e+01 1.079777401262532521e+02 1.119398320520891730e+02 1.062332480075737351e+02
6.055301718648573939e+01 5.756101570257895617e+01 8.698392563113954168e+01 1.005371051550855981e+02 1.251140183505936250e+02 1.117912336341719453e+02 9.774099488361552801e+01 1.169294671489310105e+02
9.296850289785902532e+01 9.192929378532890894e+01 1.034964561355562012e+02 8.608397483156618080e+01 8.719231699587095363e+01 8.412797928524615543e+01 1.024918434934844385e+02 6.980124190830973419e+01
7.539558283559517804e+01 1.129990002069807673e+02 1.004558143997977027e+02 7.561957165954669335e+01 7.010470176056401215e+01 1.064445772399826922e+02 7.909924579146584733e+01 1.041148567370861144e+02
9.740433048450832132e+01 9.531990152495572488e+01 8.038507070868190851e+01 8.794070432183794139e+01 8.761144615759258159e+01 8.970455725728820084e+01 9.120893493823103881e+01 8.675605954245534690e+01
1.316804945252987125e+02 1.260049458385652059e+02 4.959455696477715492e+01 1.323349366614607163e+02 4.408731127564767860e+01 5.371076816753376448e+01 1.308241045465060495e+02 1.382106092066484280e+02
1.412663046745955171e+02 5.265071741363061619e+01 4.959115340457898924e+01 1.411893531879130421e+02 4.732429310284187096e+01 4.735753442908320920e+01 4.538738459891930432e+01 1.281261504974785055e+02
6.556113311880460515e+01 1.110030686601293297e+02 8.970540021584062629e+01 8.384588029409158594e+01 1.189176254632535148e+02 8.985485376808883018e+01 1.158223705536462802e+02 9.268655212056687276e+01
8.117893458090114223e+01 9.980030956047264112e+01 9.840125746770766568e+01 9.654743924359578955e+01 9.284665332553122141e+01 9.692536755689890526e+01 9.639506670518035492e+01 7.411543769024196138e+01
6.093323026818234922e+01 7.186673648437920292e+01 1.171286794470824901e+02 9.702714196558751780e+01 9.877927095998821017e+01 7.395776418616033254e+01 8.519245297626028446e+01 7.361944020981916026e+01
8.532802414876346120e+01 9.179532466244849331e+01 9.006036160658776168e+01 1.068290284223253934e+02 1.079759968952319582e+02 9.481877348303471820e+01 9.112080332792379522e+01 8.984957066965048966e+01
9.049722955145263370e+01 9.694260481809502039e+01 8.740535371789766828e+01 9.168340175196580333e+01 9.396486371043808106e+01 9.276148736475340684e+01 8.722167386968406788e+01 8.578918347568992431e+01
8.821150690874154066e+01 7.677159528255890564e+01 9.098709998427864321e+01 1.147847556390874644e+02 7.893769968700242146e+01 8.641270789372596539e+01 1.108605666674896781e+02 8.024706978312032390e+01
5.730960458694361392e+01 1.061444451303128318e+02 1.017439591691321681e+02 1.194725766176259611e+02 1.011530319989870890e+02 1.220531637358555770e+02 1.057057416426104055e+02 9.457679985492923436e+01
1.251847445936735141e+02 4.279926293370975543e+01 1.400040437115678742e+02 1.361409667345627952e+02 1.450070061078859567e+02 4.633711697055235845e+01 4.011096168790483318e+01 6.417692137755327053e+01
1.539141006135446048e+02 2.551661004507947439e+01 2.891146296814590499e+01 2.873263504063451990e+01 2.616654311722049542e+01 1.484486775261357536e+02 1.481822675404277732e+02 2.191141684422933267e+01
