1.251849091912732064e+02 1.029048126480940368e+02 1.137814293369350622e+02 6.231677200769566838e+01 7.656231610663174081e+01 8.290814033173573705e+01 1.075302056810566711e+02 1.100750336153943749e+02
1.079302890936189954e+02 6.483914559617349482e+01 6.121236092019851327e+01 1.169624210990433397e+02 1.251094729863585542e+02 8.233875412294518981e+01 5.539818099075176150e+01 6.393820181326979224e+01
7.625866827763665867e+01 1.084214261094133889e+02 9.654270850545898952e+01 8.613368508527022982e+01 9.170403414933652186e+01 1.168363607465642389e+02 1.025012419957727303e+02 7.387311584950711563e+01
7.111214166572635520e+01 7.993003201428537352e+01 8.869399787343778030e+01 7.186759958145732696e+01 1.029794733545914056e+02 8.229600165249070187e+01 1.144720368231991330e+02 7.718853322140456896e+01
1.288512897280983793e+02 1.021174294682715527e+02 1.295073394898981292e+02 1.160766318196389904e+02 6.251131786368730303e+01 4.210619792119600646e+01 5.623017884018187118e+01 7.964926134965767801e+01
5.524672678558111727e+01 7.919906983606432505e+01 7.561257173967241840e+01 7.414175886841105978e+01 1.139883485947441955e+02 7.955754052977313506e+01 7.627464475921999565e+01 7.166917708939422482e+01
1.299364953649332506e+02 1.062817344899373921e+02 1.452038536726184645e+02 6.174749709335599590e+01 1.110053621060296791e+02 6.382922692734842940e+01 5.732111657207254751e+01 4.927512434351725545e+01
6.664232874941384921e+01 5.929843365954728540e+01 9.810317009348167971e+01 6.071692830224147741e+01 9.504536674981544309e+01 8.508982798036072381e+01 3.984902154763606319e+01 8.944433654799162525e+01
8.744576875035377839e+01 7.347790925826186026e+01 1.036378250910863130e+02 9.918109241054064285e+01 9.751276331913039996e+01 6.350570731867201602e+01 8.215955933610614181e+01 9.101784212954125053e+01
9.632611133152816763e+01 1.011933157265538625e+02 1.101137582214947344e+02 6.563452437830400754e+01 9.712322272382382948e+01 6.218684146747772701e+01 6.339239680631020235e+01 4.667684324596182677e+01
7.622494394323094014e+01 8.331545931856572906e+01 1.114059085694081404e+02 1.176644473278070393e+02 7.656300064865740751e+01 9.983091929598968761e+01 9.183288313279614101e+01 1.143695393865442043e+02
3.535412423032065021e+01 6.038261683069138996e+01 3.697642059852322660e+01 7.241894647218836667e+01 4.908909719365914270e+01 1.253403094669731814e+02 1.354523312090206844e+02 1.350552823195683061e+02
1.111988344261630886e+02 7.528331125347739317e+01 1.168253867083675317e+02 6.749028016424938414e+01 1.210611863851970895e+02 1.194972353483918823e+02 9.476433809869159575e+01 1.085485894923196923e+02
6.513693551568667317e+01 1.031231300695733779e+02 9.632323704318801560e+01 9.876301179628603677e+01 1.294569738084371124e+02 1.120762787216666538e+02 4.525999799295623660e+01 7.336910939962098155e+01
9.833416118262653072e+01 8.693966778581790322e+01 9.818699158259849469e+01 9.459107544759378072e+01 5.986268224202422061e+01 8.062568849648079095e+01 8.116969520594588516e+01 8.455488477635745426e+01
1.049787828581295059e+02 1.167948083995703286e+02 9.870306114687089405e+01 1.205793241244929135e+02 1.107378449991491323e+02 9.701531935130871886e+01 9.829906956776238758e+01 7.441308513949860526e+01
7.062540692521005781e+01 8.334120032145668233e+01 8.648206948968194752e+01 7.576655855246879412e+01 9.951356366004669951e+01 8.400205559982039460e+01 7.646683388577747564e+01 9.893662598061395386e+01
7.832511457472996597e+01 9.285560542052598976e+01 6.031702572637996695e+01 7.814266806080820515e+01 8.268794665758248641e+01 8.292753963267205108e+01 1.057057390288727277e+02 4.828937311749865557e+01
9.300672566891535098e+01 1.026537472590066926e+02 9.347990624744984700e+01 9.211028032069570770e+01 1.073787495541676265e+02 9.022024204389643387e+01 9.036674085808722623e+01 1.158022033006814837e+02
1.253444054728280861e+02 6.924856332745598309e+01 1.152836145588017445e+02 1.216835108229963112e+02 6.938814528936357817e+01 1.026264570571838419e+02 1.141703580589131377e+02 6.488172242255103583e+01
4.373698560663352453e+01 1.386726442253518314e+02 1.417149357475463773e+02 6.032301207059408199e+01 4.559546172530456687e+01 4.102957044144977061e+01 3.530698322002126588e+01 4.893824494035603578e+01
9.389751114226631046e+01 8.841166856893534032e+01 1.006416394044758675e+02 9.978153415738056253e+01 8.998179628018044696e+01 8.474879323663529362e+01 7.429313175390791457e+01 9.830842854173513956e+01
5.362180023329553791e+01 1.050784896691834263e+02 1.213198786607825355e+02 4.948031405813040351e+01 6.615613840797908551e+01 6.335656072021351548e+01 6.241979312911856681e+01 1.016097467811789699e+02
5.994300496865887595e+01 6.307404528607632699e+01 6.992583469876005609e+01 1.364538274858034583e+02 1.054017215178113673e+02 1.299101094438893824e+02 1.047915441159988461e+02 6.746914625008051303e+01
9.541254298884682328e+01 9.126017759871083967e+01 7.697748978036960921e+01 9.730154942703919119e+01 9.792541143327972009e+01 8.036064925281959859e+01 8.684624201711922353e+01 8.196356019654120928e+01
1.069198826114195953e+02 9.994633273127494988e+01 1.088676975170410941e+02 1.011486819478106298e+02 8.438069831961051648e+01 8.844321690078942311e+01 9.425201815368450298e+01 7.703157954361307702e+01
5.642237267855164617e+01 5.674150789927073646e+01 8.067411972465659176e+01 8.234565504703093097e+01 9.657245514907044992e+01 1.046359262551013529e+02 1.002450053494520432e+02 8.308640922601934165e+01
1.061398723033326092e+02 1.246244724570010334e+02 6.761969978570733986e+01 1.203259368860817062e+02 9.705887670837563519e+01 6.761096102583543654e+01 9.086776715372394619e+01 6.851910981098863829e+01
1.006242031484825077e+02 1.043933430618650817e+02 1.049745909601185900e+02 1.207140641840691870e+02 1.215886945492395057e+02 6.238248428713733773e+01 1.019700207580440861e+02 6.820775478326662267e+01
1.184713946905963127e+02 1.061661614425120348e+02 7.962288808397362061e+01 5.315505887122608186e+01 1.078366405567527124e+02 9.431898104075993672e+01 7.344009422519086172e+01 6.393399081421230079e+01
1.021545372761645325e+02 1.038120492370396022e+02 7.684462475678471094e+01 1.021933365915077871e+02 1.097112283604218419e+02 9.130177699101555788e+01 9.377698503570196920e+01 1.004146645208248003e+02
9.054374922107597001e+01 8.393298181707692152e+01 7.722353379076504609e+01 7.360953054560989983e+01 1.000967665675686220e+02 8.492829753523075453e+01 5.100793163493023741e+01 7.395644058676906241e+01
8.740245609538344240e+01 7.587476102891272944e+01 8.951457842141164178e+01 1.056671209147258566e+02 6.955197179104177962e+01 8.742892106073787772e+01 9.017864461444938229e+01 6.949908535020193767e+01
4.035148276471861095e+01 6.219495562531071187e+01 1.307158956163167431e+02 4.585113406691453974e+01 6.911624731616956296e+01 5.904657816455582520e+01 4.636117372847409968e+01 4.527253247581873552e+01
7.602890614207143472e+01 9.308878203846342103e+01 1.268947798147555517e+02 1.057621358819484385e+02 1.063926259996081853e+02 1.144010738778854659e+02 6.673085618485927739e+01 7.687160755477096075e+01
8.628041362965258543e+01 6.715227149258346628e+01 1.081908300289858289e+02 8.971346944751297769e+01 6.775947449081617435e+01 9.669478001198218919e+01 9.207567067712896858e+01 9.149058052579218270e+01
7.272381593313649262e+01 1.033940289191828867e+02 1.036189497140128140e+02 9.170156134105508272e+01 8.506478067619620731e+01 8.154490651462285200e+01 1.160907302979964868e+02 9.779016731509720728e+01
5.000208138589869833e+01 1.117726272277283499e+02 1.096224757461363453e+02 4.773864068365773505e+01 6.093723133315067741e+01 1.243678704348849209e+02 7.002643444811114648e+01 1.213438774928224859e+02
9.212199688430483491e+01 6.160482502160266449e+01 1.012508973099727854e+02 1.007764442934768994e+02 8.216240177552710122e+01 9.771934486605643144e+01 1.111679316948241905e+02 8.549544787009619995e+01
1.395488056849075917e+02 5.298073581184552694e+01 1.241366256084586155e+02 1.211818791261485586e+02 1.348765120579931249e+02 1.288827198980915796e+02 1.242006448739949889e+02 1.426169585286856432e+02
1.422057930062396451e+02 1.369147834707879952e+02 1.318657541418011192e+02 1.447971454856663911e+02 1.398055377829465726e+02 1.336355018372816232e+02 4.488398646800356317e+01 1.283583127881404380e+02
5.924125990711908685e+01 8.507908192903700240e+01 8.423782853460042475e+01 8.175597922375290239e+01 6.735913305784953309e+01 8.228941848115239566e+01 7.133909987358414639e+01 1.058893608928991341e+02
6.828025719079575140e+01 1.016534603210048573e+02 1.189091504664423695e+02 9.530474901673946420e+01 9.463061693751714643e+01 8.378641090636381250e+01 9.018551657968859558e+01 8.550962767813193466e+01
1.015300291068166985e+02 9.676008679360946019e+01 7.198764040461679770e+01 8.383191828512434540e+01 9.310430594493726630e+01 7.432847977238050419e+01 7.992448454876031860e+01 1.051069692538643636e+02
9.381582709149745369e+01 9.290992611697828352e+01 9.663349674142321533e+01 8.048500538815513039e+01 6.151955286669763723e+01 1.043998254828693604e+02 8.559548963953578493e+01 7.799951110803485221e+01
9.324825060262131160e+01 1.086574202275721319e+02 8.450206679483326866e+01 1.047707032465259971e+02 7.993297400588429014e+01 9.765304289316704001e+01 7.948301969443811288e+01 9.262789313597272667e+01
8.191419500874935977e+01 7.559970053160779457e+01 7.680617168314599041e+01 7.142467533902572541e+01 1.084896241996637372e+02 9.432096011219871912e+01 6.510703639331937609e+01 9.812321846470132414e+01
6.204019839553900084e+01 1.033069865179415956e+02 1.125015830968193598e+02 1.269487333184522697e+02 8.871866084197404234e+01 5.721150595906568981e+01 7.139572021151496983e+01 1.132977490523779238e+02
5.322019515293393965e+01 5.031192837451331457e+01 1.341000985894212363e+02 1.190705138155103953e+02 1.450053172568483717e+02 7.081678976909094558e+01 4.710172735508147923e+01 5.692985890021931539e+01
1.545641559569813808e+02 2.881101623633297848e+01 2.745188855314523479e+01 1.469823422614094000e+02 1.552911734004041477e+02 1.472426451045070053e+02 1.488457559571308764e+02 2.081106017276196241e+01
