9.178920679291012164e+01 9.251237342007311781e+01 8.601447247720906830e+01 9.787816352473703319e+01 9.022392998585618784e+01 9.101869278355187021e+01 1.039274999563554189e+02 7.630923854087981795e+01
9.456357609365839778e+01 8.810426767238392642e+01 9.276663423847422507e+01 8.714056457164225833e+01 1.113152637675879930e+02 9.432096485612595416e+01 8.346519084252616949e+01 7.627909843394422751e+01
9.413391075689058596e+01 8.009453491143649728e+01 6.294621150590712944e+01 8.892547512060376391e+01 1.047006870485671897e+02 7.839621231044596072e+01 9.820570520101543366e+01 1.070470921949585517e+02
1.220824216815275491e+02 7.439945487453145745e+01 1.165789963447957689e+02 1.136893684644070390e+02 9.238749910359733519e+01 1.113760464811056323e+02 8.882801830498475226e+01 9.327196238452984289e+01
8.302318993759455168e+01 1.056840490137620776e+02 7.890533699816117519e+01 8.183077056109182479e+01 1.031313525312505845e+02 7.562316440775535398e+01 8.787860223077663591e+01 9.586002855946790646e+01
7.780162072269934015e+01 9.001293868699524126e+01 8.824416866535159443e+01 8.735134067307768646e+01 8.060919436819733619e+01 8.243606601940356882e+01 8.874828622258287680e+01 9.166589118121926560e+01
7.988302405951046126e+01 9.415395291335400429e+01 7.204245193356713628e+01 8.600804924008268415e+01 9.982069124225817802e+01 7.786309272861788600e+01 9.702917723677677486e+01 8.497374731923424918e+01
1.112917243089003705e+02 1.197021952434558756e+02 1.055691120410651536e+02 1.029125150232425057e+02 9.628365508660643002e+01 7.883377792356591840e+01 6.763722644576422738e+01 1.022889124711802822e+02
9.466265234876138379e+01 9.616321482158450351e+01 9.067876037450895410e+01 9.525060958751637941e+01 9.344749173357469374e+01 9.298896087690442869e+01 8.588162779300441230e+01 8.221839790449611485e+01
9.099261082040862902e+01 6.747086841931617585e+01 9.978166931487264435e+01 9.353241651923337940e+01 1.030094208782344793e+02 1.009518223919131543e+02 9.146316840290705841e+01 9.301707815542347646e+01
