7.878008211664834448e+01 6.597204509615671952e+01 6.936370636809745349e+01 1.142810959511734268e+02 1.069858792080398331e+02 1.048504302106175743e+02 6.959611997864800514e+01 9.801924640639496999e+01
8.253893819469361404e+01 7.065334004515189292e+01 1.020659060483505272e+02 8.192180275356177788e+01 7.363170706462099702e+01 9.822908820201482172e+01 7.521470870568364830e+01 9.512851836459223875e+01
1.014211462354926425e+02 7.510393710726253858e+01 8.390975842640197868e+01 8.100174905355147814e+01 9.460082050830332889e+01 9.935252440742526403e+01 9.597180224605902765e+01 1.056464908054669536e+02
1.090347159674259387e+02 8.926411193305688130e+01 7.895656087038938153e+01 8.220858281167653558e+01 9.212793218066181566e+01 8.345431725085481389e+01 1.074092738587663547e+02 9.146992490715510371e+01
8.733344687239979010e+01 1.054492476786585371e+02 9.842372206839195314e+01 9.161865310470598445e+01 7.564079859762658486e+01 8.757554451734829115e+01 9.071785595024955740e+01 8.881376450198632710e+01
1.035513954119825968e+02 9.266795377787495624e+01 8.186940179434016329e+01 9.557168515586795365e+01 9.754175736432013366e+01 1.152942487208436120e+02 9.918778994473839816e+01 6.370974150626206978e+01
8.281257773621565832e+01 7.944707943320371157e+01 9.846956592604009018e+01 8.318092534587036369e+01 1.151284262373851277e+02 9.339820243151820023e+01 8.277174834991755858e+01 9.993421479251210826e+01
9.204795376734237777e+01 7.808795612737743852e+01 9.051370074537791766e+01 9.298938214508378053e+01 8.937745115151231801e+01 1.035280224778758082e+02 9.441435442662775301e+01 9.391603389863041684e+01
1.109169412082990220e+02 1.038727776679485970e+02 8.833377641637513022e+01 8.872627606292118685e+01 9.435959931209310980e+01 6.838973504067980969e+01 8.685876512412198736e+01 8.970461937661137597e+01
1.067603948209835067e+02 9.965352949786938552e+01 1.204070219838159801e+02 8.748809748809257769e+01 1.019041905159188843e+02 9.134592830182455714e+01 7.437155368709230174e+01 1.066460639487408741e+02
8.644482834888945888e+01 9.643342978203897076e+01 9.088533037954698557e+01 9.801832038256313240e+01 8.791494808194069321e+01 9.430206479237043027e+01 9.558757796803115525e+01 9.132405755163428296e+01
6.984222337940059333e+01 6.522070493568337213e+01 1.026926273633449114e+02 8.739765138850867743e+01 9.532226519608379078e+01 5.420075481907979764e+01 7.631791730547227814e+01 1.025895915183518667e+02
7.869706377805169950e+01 1.037607616214771440e+02 7.363568518220955639e+01 1.050482204959602512e+02 1.007196709320758856e+02 1.030400784367288054e+02 9.787855444497016322e+01 6.016661243863443076e+01
1.172680105219959188e+02 7.326108378186390269e+01 1.041508630628125474e+02 8.369232944966373111e+01 8.049798754402554835e+01 1.057944757591118190e+02 9.529846054717314985e+01 8.236038933359029102e+01
8.941478303795601335e+01 9.569432150599376996e+01 9.171457013205736075e+01 8.923269839097574163e+01 8.505335518782925419e+01 8.201105636252739828e+01 1.166538104396725544e+02 7.127157130458601841e+01
1.016546401244987550e+02 8.598865675125919950e+01 1.040624519911297909e+02 7.815147404056617120e+01 8.733492790219793278e+01 9.241783705452478159e+01 9.996810255544943402e+01 8.523881875115927187e+01
8.956508479602574369e+01 6.805339027626567372e+01 8.434314632189138194e+01 1.065462515146619609e+02 9.612457826248045478e+01 6.757508768674748012e+01 6.918261786397235369e+01 1.042202341394852283e+02
9.109682178367448557e+01 8.202750257019241076e+01 7.861323427945674780e+01 9.628120952528865928e+01 9.693936024522183459e+01 8.745462384415948520e+01 1.002816016201116440e+02 1.019500379339885257e+02
9.364030765640889342e+01 9.732225397614807605e+01 6.455306783507984392e+01 1.008597555428661678e+02 1.081333237543588695e+02 7.960201150260911618e+01 8.913070850113265919e+01 9.583561733422730811e+01
6.598461390544541416e+01 9.484992613983173726e+01 9.762898156720073928e+01 9.171613701196982049e+01 8.530366716215708323e+01 7.928953923593057596e+01 8.877076077650046670e+01 9.779702423828030078e+01
9.149654653023915785e+01 1.097770172908750936e+02 8.796942943600323872e+01 8.236811429271949692e+01 8.183067696719967898e+01 1.325706278228951192e+02 1.040978818857733899e+02 8.540397481167089211e+01
9.437986026908914994e+01 8.086778328948294359e+01 9.267704936134055060e+01 8.023358049869295883e+01 7.797359423167742420e+01 7.817043174620779666e+01 1.000176391464985386e+02 7.495823056376157467e+01
8.810727321591976136e+01 1.069333062539649148e+02 8.298328782592354003e+01 1.071586462107242994e+02 6.563768302176900704e+01 6.690533277401274859e+01 8.074108842393890484e+01 9.925947047915968824e+01
9.217727753028087534e+01 1.034868789757704093e+02 1.019410519794698331e+02 9.561159985406369799e+01 9.184171504942452202e+01 8.930761271612171015e+01 9.089490068157006419e+01 6.669058127097815714e+01
9.136477298230259692e+01 1.042765988789874427e+02 8.253690676087030909e+01 9.330169267025956970e+01 7.710375253526198946e+01 1.020624485416627039e+02 8.580283666501594553e+01 8.432361606274770338e+01
1.010398016304084052e+02 8.880677533856811579e+01 8.259309643985616844e+01 8.908755671498855122e+01 9.272489246799257501e+01 8.717786811094804023e+01 9.720083744045899721e+01 7.837736257528446515e+01
8.007378954447138142e+01 9.518319297338237561e+01 9.273685812211729740e+01 1.121972279818617011e+02 8.651663783961018339e+01 9.784134633030406292e+01 8.798492015064805116e+01 1.025202859809055980e+02
8.802295067405965767e+01 7.668300927018491109e+01 8.443345924084843546e+01 8.896983992859858859e+01 9.899339435743365812e+01 9.296418964893661041e+01 1.029802493642626189e+02 1.196066755860847053e+02
1.023842354937222154e+02 9.735258278315599512e+01 9.787427433072365091e+01 1.000739418120158746e+02 8.945657557886728739e+01 8.549633103700564618e+01 8.427107674280597394e+01 8.573413065378423425e+01
1.097752025673425607e+02 7.678106473122470277e+01 6.723315523491795886e+01 9.566137688100917558e+01 9.349543056216691639e+01 8.946603326045210736e+01 9.156829640695356431e+01 1.104173508198261686e+02
9.421670398686362091e+01 8.650944447026377304e+01 8.635187051317110729e+01 8.208822398363696493e+01 8.833435659491348702e+01 1.083121709041154048e+02 1.039894279421308170e+02 6.866707620837156867e+01
8.669827421767547548e+01 8.742611539139336685e+01 9.102918475772764850e+01 8.711501707115327520e+01 8.798158528844534487e+01 6.981178774086519923e+01 8.642083433812568671e+01 1.143077262003015448e+02
7.709481560300038439e+01 9.024609314317007147e+01 8.812635425369062148e+01 6.462574448117622694e+01 1.048039746969950556e+02 8.519573892089073297e+01 8.568710130123398017e+01 1.031760645754641956e+02
8.523731530722486127e+01 9.113102039691942480e+01 8.265940214572582079e+01 9.684602964800400571e+01 1.076643058814660492e+02 9.097709930380551668e+01 9.348285272879329000e+01 9.095387956080713820e+01
1.025793124918017014e+02 8.028167371680945053e+01 9.417256479805780600e+01 1.023648873060010089e+02 9.069576117572214002e+01 1.053655185605143458e+02 9.634285984212367282e+01 9.773762559986747078e+01
1.006690173817673184e+02 7.806196498255502547e+01 6.643313341762652158e+01 8.703465098594283234e+01 7.650367230135199748e+01 9.928570507202266526e+01 8.928809926083732762e+01 9.841002991410833545e+01
9.858040191367462057e+01 1.008995145455610896e+02 8.421294400484680409e+01 8.314997261505082804e+01 8.859745310085122583e+01 9.009143189996706269e+01 9.735104655822384245e+01 7.509377796205826883e+01
8.442767048353410075e+01 9.318440022279740731e+01 8.316048734104938944e+01 9.281733597964881710e+01 9.782259014520982987e+01 9.119126972881601034e+01 9.896577309999946692e+01 8.153593177967765371e+01
7.923932248934278277e+01 8.623058612114552091e+01 8.189548055313369446e+01 9.042085681810668518e+01 9.475030098431467707e+01 1.046777126842913503e+02 8.399469563357891388e+01 9.776904061524381007e+01
6.831741809612094585e+01 8.452721260076307885e+01 9.541821102566966317e+01 7.456767704484030901e+01 9.779406126882437889e+01 8.298959467283219738e+01 8.099822333946960384e+01 1.007211633430391657e+02
1.031326557749013659e+02 9.978672070581738751e+01 9.646735132274707780e+01 9.783963758593716875e+01 8.302856929056054014e+01 8.706517678386379089e+01 8.949383738624190698e+01 1.001571380082719003e+02
1.035698704934385574e+02 9.209098138682658430e+01 1.016072321598003185e+02 8.839001036321744209e+01 8.853057566052609673e+01 9.197315053276921049e+01 8.354503143909197149e+01 7.928814947704761096e+01
9.690410240894104277e+01 8.118770679053417894e+01 8.148833992275027072e+01 7.039975914628472253e+01 7.798382802150237580e+01 7.290201264871645037e+01 9.340143793146410189e+01 7.383050673256168750e+01
9.086210390145616600e+01 1.018252348492413404e+02 7.299199857647907663e+01 6.728798292664451708e+01 9.596639534596792487e+01 6.994180048549877426e+01 1.013212905285380288e+02 7.709456114113656611e+01
9.293753525655704095e+01 8.073193858676837920e+01 1.147494641702024296e+02 1.267709556938915796e+02 1.063729370717343699e+02 6.019169864532817371e+01 9.438603508114844942e+01 1.337359218929120743e+02
8.115282641330898628e+01 8.568722309591619535e+01 9.568559381292480737e+01 9.079836779799182978e+01 9.355334752858843217e+01 9.673969227798842496e+01 8.807118478460492383e+01 1.052647666849604065e+02
7.911168675527282801e+01 9.652204559894654778e+01 9.286900359175731978e+01 9.878753951798731237e+01 1.092882893768460804e+02 8.688327279232966305e+01 8.630878129764754192e+01 7.891816555790776988e+01
9.896670912604130876e+01 8.374293695086750233e+01 8.850193746661560112e+01 7.440782499189499788e+01 9.229449476016066001e+01 1.063398281661366696e+02 9.508203667211044774e+01 8.481692694317216308e+01
6.903479563108579953e+01 9.029895806424570992e+01 9.004284811823680457e+01 9.378267484388886999e+01 1.065192300360353244e+02 7.528946970428719965e+01 9.051572697731569406e+01 9.527250597915933383e+01
8.738054407369877197e+01 9.244766681785318951e+01 9.415329199739140620e+01 9.348991065870839634e+01 9.581727124028634535e+01 9.117407078107861196e+01 9.148636377442647927e+01 7.350310988315963812e+01
