4.154485794492342177e-02 1.815552670956106091e-02 5.516207832738451167e-02 4.112333947694265385e-02 1.000000000000000000e+00 -9.999999999999940048e-01 8.404139514413862255e-02 1.524524918014551478e-01 9.368253520418822880e-66 9.368253520418822880e-66
2.571934598299488450e-02 3.061935186678452561e-02 3.686153217637130886e-02 2.442700453609757127e-02 1.000000000000000000e+00 1.000000000000037303e+00 8.923521448708966741e-02 1.454321949194310737e-01 4.569673838836292583e-71 4.569673838836292583e-71
2.390468041680598316e-02 4.946402666696326535e-03 1.497574320999149611e-02 4.990504529073651850e-03 1.000000000000000000e+00 1.000000000000017542e+00 2.991427523705132707e-02 6.177320892643349548e-02 2.623169020453179279e-13 2.623169020453179279e-13
3.540893806139323863e-02 4.203613719668489873e-02 1.251144378009565530e-02 5.001940214042000996e-03 1.000000000000000000e+00 -1.000000000000001998e+00 3.637313113084012645e-02 6.335329068685212339e-02 2.353120299572579102e-13 2.353120299572579102e-13
2.879019385487171720e-02 2.527327675882064945e-02 2.553273764117452993e-02 1.500972251760000244e-02 1.000000000000000000e+00 -1.000000000000017097e+00 1.022444779229381984e-01 6.971162131254005079e-02 1.774737643670017900e-87 1.774737643670017900e-87
9.704631343270653243e-03 2.188254760640911609e-02 2.701628559236939064e-02 2.467278732527473581e-02 1.000000000000000000e+00 9.999999999999875655e-01 3.605551960866370392e-02 1.060308491030201999e-01 5.117254159711116348e-12 5.117254159711116348e-12
4.149119682459117414e-02 4.398840874187878031e-02 2.674613382201145376e-02 2.494970927478832451e-02 1.000000000000000000e+00 1.000000000000018430e+00 1.002677269980131181e-01 8.015961180425944244e-02 2.770666049872752864e-45 2.770666049872752864e-45
3.107420020064785571e-02 9.282412855626857862e-02 2.088512209174883671e-02 3.223313929530820243e-02 1.000000000000000000e+00 -1.000000000000017542e+00 1.574701904038047218e-01 1.402287046568717610e-01 4.318532229834607293e-172 4.318532229834607293e-172
4.009933232853799684e-02 5.203688017483266287e-02 8.914221024217034578e-03 1.922548054192341205e-02 1.000000000000000000e+00 9.999999999999882316e-01 5.122088781040055189e-02 3.464710317081801105e-02 5.572929412339847481e-12 5.572929412339847481e-12
1.554591132861136635e-02 5.808358393948139962e-04 1.975539368142789631e-02 9.525585898993296080e-03 1.000000000000000000e+00 1.000000000000084821e+00 3.646333856035841037e-02 5.304020255553490437e-02 9.904443653064463766e-24 9.904443653064463766e-24
1.329362597072997372e-02 3.801812531555354147e-02 1.527499506310625414e-02 9.185835030779522861e-03 1.000000000000000000e+00 9.999999999999935607e-01 5.501409086445481489e-02 8.531461861176657668e-02 1.354409661802729331e-36 1.354409661802729331e-36
3.797384835260951552e-02 8.261669684458157817e-03 6.341043156904459244e-02 1.281575890233416747e-02 1.000000000000000000e+00 -1.000000000000002665e+00 8.085608650147689536e-02 6.454301340471714499e-02 1.728642713976038592e-19 1.728642713976038592e-19
3.295186372623378629e-02 6.221150787465578799e-03 2.658805540451986138e-02 4.476188835176353643e-05 1.000000000000000000e+00 9.999999999999431566e-01 4.009900612180141571e-02 4.835448339645447013e-02 1.403187275201652998e-20 1.403187275201652998e-20
1.947368061124632455e-02 5.430851905273135355e-02 1.920497989317472912e-02 3.166880435860405796e-02 1.000000000000000000e+00 1.000000000000027756e+00 7.607711135342004605e-02 1.259597990648869681e-01 5.033937993172806228e-36 5.033937993172806228e-36
1.614921923302337428e-02 3.604976428131684979e-02 2.655666689015054663e-02 1.833112700489061136e-02 1.000000000000000000e+00 9.999999999999673594e-01 5.897253275034855524e-02 1.044397641370944096e-01 9.308855438456996552e-23 9.308855438456996552e-23
2.212154992301420056e-02 2.615216559023440020e-03 2.425816612322583346e-02 6.434913019693982994e-03 1.000000000000000000e+00 -1.000000000000025757e+00 2.034841602384763332e-02 6.046792592894644630e-02 8.022351401543997428e-06 8.022351401543997428e-06
5.821144343640136110e-02 4.388463367019276862e-02 2.864569982594739744e-02 1.652360110116593908e-02 1.000000000000000000e+00 1.000000000000011768e+00 9.821169469572288424e-02 7.514514923561994852e-02 7.300965025283724131e-53 7.300965025283724131e-53
1.608252274057107856e-02 4.005004779680867988e-02 2.208413002952224619e-02 1.695752862693867408e-02 1.000000000000000000e+00 9.999999999999913403e-01 8.396765497986923010e-02 6.964766855298802628e-02 2.974081163313360472e-25 2.974081163313360472e-25
1.811037988528111167e-02 5.948174357003294110e-02 1.776267074014712885e-02 4.002883502412449279e-02 1.000000000000000000e+00 -9.999999999999729106e-01 1.579416850588191423e-01 1.239692823794973225e-01 3.977796780607059369e-245 3.977796780607059369e-245
2.241749451441466673e-02 4.176155517961754188e-02 2.866359604835360536e-02 2.089904913098472247e-02 1.000000000000000000e+00 9.999999999999651390e-01 5.730795906507004517e-02 9.720211715179657985e-02 3.318222813439193834e-33 3.318222813439193834e-33
