3.521210142396195841e-02 2.707035696280270243e-02 5.174292949164970012e-02 7.863354006027406529e-02 1.000000000000000000e+00 9.999999999999977796e-01 1.628555040624528882e-01 2.427398602204126898e-01 8.689350049731809334e-50 8.689350049731809334e-50
4.247026435293378005e-02 5.922248238368786610e-02 5.214628773154985492e-02 7.333625369753350720e-02 1.000000000000000000e+00 -1.000000000000000444e+00 1.548414617740606347e-01 2.433414759007830330e-01 2.286272646913424928e-24 2.286272646913424928e-24
4.447778447870812113e-02 5.525307546804463605e-04 1.303407459367150571e-02 1.203593211646327571e-02 1.000000000000000000e+00 -9.999999999999980016e-01 -5.510197308512539138e-02 1.135338295564891353e-01 7.519555562769001354e-03 7.519555562769001354e-03
2.234518616269619978e-02 2.288133858614169180e-02 1.941995472322849067e-02 8.722536393821157460e-03 1.000000000000000000e+00 1.000000000000004663e+00 9.384763643371482611e-02 9.152140758951379795e-02 5.139446371054087340e-06 5.139446371054087340e-06
4.151502006610909706e-02 3.017070315756396198e-02 3.694724504138693910e-02 1.238717321082429337e-02 1.000000000000000000e+00 1.000000000000000000e+00 1.475388005282556592e-01 5.724041048014334720e-02 4.194217454031768553e-11 4.194217454031768553e-11
2.633564131504433775e-02 5.305820974007343510e-02 4.736671017665321226e-02 7.622182232716188943e-02 1.000000000000000000e+00 -9.999999999999953371e-01 1.002249583184344484e-01 1.523785699156265383e-01 1.863592036097129639e-06 1.863592036097129639e-06
6.168140313854223594e-02 9.194840992694935933e-02 4.700170728961330230e-02 6.139997479235430322e-02 1.000000000000000000e+00 9.999999999999988898e-01 4.199482539018312838e-02 9.812716642428381819e-02 1.060914581347608410e-01 1.060914581347608410e-01
4.217414794909973147e-02 1.353798209046344347e-01 3.666397213904685343e-02 3.059209564508845111e-02 1.000000000000000000e+00 -1.000000000000000000e+00 6.821432362481680278e-02 4.317495566247660926e-02 1.051201807741237830e-02 1.051201807741237830e-02
3.044312294006919564e-02 3.808865322395867115e-02 1.515565177352986084e-02 2.404667459796074047e-02 1.000000000000000000e+00 -1.000000000000003109e+00 6.274969478450427574e-02 6.621921102863465025e-02 6.742425968624361570e-05 6.742425968624361570e-05
2.117145379976149988e-02 2.341682739931598076e-03 1.840365850155086663e-02 7.833147086723691102e-03 1.000000000000000000e+00 -9.999999999999997780e-01 4.421089279252680276e-02 7.072797926368863675e-02 3.135178455484659918e-06 3.135178455484659918e-06
1.687869253687380305e-02 4.872288093827694538e-02 2.301499667256584267e-02 9.310000933506319687e-03 1.000000000000000000e+00 1.000000000000004885e+00 3.301229296729848994e-02 1.150339436615152588e-01 3.607004419534198814e-02 3.607004419534198814e-02
4.733365409293905507e-02 5.658445421338774428e-02 6.144145203216572204e-02 1.322509667362356707e-03 1.000000000000000000e+00 -1.000000000000000666e+00 1.711932858261626111e-01 1.318731407447209514e-01 5.080247725728040368e-06 5.080247725728040368e-06
2.671603471231335028e-02 -6.166705003579274653e-03 3.272225813477784573e-02 -3.193241274177700817e-04 1.000000000000000000e+00 -9.999999999999991118e-01 4.501552167608176974e-02 9.395385202785366818e-02 9.512249236388603535e-04 9.512249236388603535e-04
2.429261081643445050e-02 9.108145955426952267e-02 2.880202679134263866e-02 6.522393170047600941e-02 1.000000000000000000e+00 -1.000000000000009104e+00 8.123932489128884993e-02 2.088982835102973223e-01 6.354653195361626375e-06 6.354653195361626375e-06
1.501245985466025112e-02 3.852515420755159292e-02 2.232519422177825508e-02 1.495953518597648198e-02 1.000000000000000000e+00 -9.999999999999997780e-01 8.047225571879423889e-02 9.034940801177558656e-02 3.582982357398001532e-08 3.582982357398001532e-08
2.473722040312990866e-02 -4.339958209347584070e-03 3.180887469806999851e-02 9.985062151057929464e-03 1.000000000000000000e+00 9.999999999999926725e-01 5.990192454833093150e-02 7.422930526770327164e-02 2.278610089806985828e-04 2.278610089806985828e-04
5.441587363625079166e-02 5.493532350076021920e-02 9.801188920713186856e-03 3.328599747459479088e-03 1.000000000000000000e+00 1.000000000000003775e+00 9.265212783320603274e-02 2.824807046766548285e-02 3.549683503884923028e-04 3.549683503884923028e-04
2.815222771508662028e-02 5.802292866669563065e-02 3.577472920526462291e-02 1.997356605539107183e-02 1.000000000000000000e+00 9.999999999999984457e-01 1.697508792064048311e-01 8.996279274921055447e-02 3.210210248680024078e-17 3.210210248680024078e-17
2.430300571804142745e-02 8.036893137661281494e-02 1.294392819981779290e-02 6.243813951216821423e-02 1.000000000000000000e+00 -1.000000000000004663e+00 1.422726016044559560e-01 1.299806154922669710e-01 1.133940881881189917e-11 1.133940881881189917e-11
2.654345776919640049e-02 3.366046037332807300e-02 3.617597910493308699e-02 1.472828181988862159e-02 1.000000000000000000e+00 9.999999999999997780e-01 5.254220298543131606e-02 1.150736247553970915e-01 1.433991729676721951e-04 1.433991729676721951e-04
4.661667609018591701e-02 1.558339015080778267e-01 6.211953399991045760e-02 1.572423914840269665e-01 1.000000000000000000e+00 9.999999999999960032e-01 2.046766410742429376e-01 2.054666715130315513e-01 1.155802821532512723e-23 1.155802821532512723e-23
4.399177962282556364e-02 3.383511516534823405e-02 8.513005944082012791e-03 -2.864432986347838564e-03 1.000000000000000000e+00 9.999999999999957812e-01 4.115044588218932237e-02 5.520643462789997374e-02 1.616183018335526703e-02 1.616183018335526703e-02
4.376874446921600464e-02 3.922393283634875022e-02 3.225267578379211603e-02 -1.153813559690398255e-03 1.000000000000000000e+00 1.000000000000004441e+00 5.603933297467813407e-02 1.119408085789654478e-01 1.538364844696925868e-03 1.538364844696925868e-03
3.318208362706097370e-02 8.946131977298209248e-02 3.723057213552671135e-02 7.873110267839932008e-02 1.000000000000000000e+00 -1.000000000000000000e+00 2.767959018003393612e-01 1.911874240499170652e-01 3.126456315981578344e-61 3.126456315981578344e-61
2.970727303065295172e-02 7.054226070366027834e-02 9.577316948549815731e-03 8.026593615085722555e-02 1.000000000000000000e+00 9.999999999999960032e-01 6.315054995011762373e-02 1.322161202124080837e-01 6.002877520490768022e-05 6.002877520490768022e-05
1.893453636768426332e-02 1.678918891873589793e-04 2.107951446023333467e-02 2.785532642927572924e-02 1.000000000000000000e+00 -1.000000000000004885e+00 2.737663896608017941e-02 6.697378288549056535e-02 4.140648372824149576e-02 4.140648372824149576e-02
3.642199073665030457e-02 1.319801807968886548e-02 3.175602059402410360e-02 3.567697814375926386e-03 1.000000000000000000e+00 1.000000000000000666e+00 2.740810436475952377e-02 5.362078678344125299e-02 9.734194814945493213e-02 9.734194814945493213e-02
3.228253025849520813e-02 4.651132937043887805e-02 3.053407709294118921e-02 4.972021148053560463e-02 1.000000000000000000e+00 1.000000000000004441e+00 9.743288642014731604e-02 1.108291404457466545e-01 1.983659926039380533e-08 1.983659926039380533e-08
1.852140014026773182e-02 4.515896182468927267e-02 2.077442716988632532e-02 3.132188752581344104e-02 1.000000000000000000e+00 -9.999999999999984457e-01 7.829023138998028597e-02 7.874276313926698023e-02 1.283819684493060692e-13 1.283819684493060692e-13
5.989907680279488167e-02 9.563850883206676673e-03 1.677380109951818327e-02 2.231078264848673429e-03 1.000000000000000000e+00 -1.000000000000001998e+00 3.731293233503691492e-02 9.221221154275298371e-02 1.835379356563026981e-03 1.835379356563026981e-03
3.035027910211857138e-02 9.611682502964084829e-02 1.387448200237983813e-02 3.721311798047239466e-02 1.000000000000000000e+00 1.000000000000002887e+00 8.167506392916007441e-02 6.759996358640048275e-02 7.322660741685445144e-05 7.322660741685445144e-05
4.074201206299461753e-02 1.549097199153588733e-02 9.422283462167441517e-03 4.509743181429963499e-02 1.000000000000000000e+00 1.000000000000000888e+00 8.429110277903693188e-03 2.095836808841515173e-02 6.280446573809020938e-01 6.280446573809020938e-01
1.230024581638752140e-02 1.320500581797133879e-02 3.380273252180363702e-02 2.335238208399604068e-02 1.000000000000000000e+00 -9.999999999999986677e-01 9.394277227089664617e-02 6.717881971777642236e-02 2.915083716143173299e-07 2.915083716143173299e-07
8.771460036891166878e-02 1.904628668025062921e-02 4.696926850028949191e-02 1.435105007072909507e-02 1.000000000000000000e+00 -1.000000000000003775e+00 1.714828663380096319e-01 2.303940569661642457e-01 8.867000386274977948e-36 8.867000386274977948e-36
4.186758498991910438e-02 1.796238370765708067e-02 2.540210327177461549e-02 4.296942212780044228e-03 1.000000000000000000e+00 -9.999999999999993339e-01 3.209204390063269408e-02 4.595909582895721379e-02 3.556234801136465978e-02 3.556234801136465978e-02
1.264186322581042909e-02 3.301918049251944404e-02 1.820917859631106944e-02 2.930480103004657472e-02 1.000000000000000000e+00 -1.000000000000003997e+00 1.438290410411851850e-01 6.267075378132963559e-02 9.611700198520945655e-24 9.611700198520945655e-24
2.383100922553170464e-02 6.132548875563652302e-02 4.291448453660044737e-02 2.457929706691020302e-02 1.000000000000000000e+00 -9.999999999999996669e-01 -2.032928541854221727e-02 7.609401971285069399e-02 6.049097813652241085e-01 6.049097813652241085e-01
3.137820851024906987e-02 2.143446816836722113e-02 4.095003202195721115e-02 1.520106021553971169e-02 1.000000000000000000e+00 1.000000000000001776e+00 3.098604357271724993e-02 8.247563567352026326e-04 5.481153998321842691e-01 5.481153998321842691e-01
2.328261530846408370e-02 6.928351338905111567e-02 1.915351000741858170e-02 1.380698581555493340e-02 1.000000000000000000e+00 9.999999999999992228e-01 6.546217802562830090e-02 7.413926543427810933e-02 3.341748079710122471e-02 3.341748079710122471e-02
4.741925189368974974e-02 2.009857820347058649e-02 2.524697379563728764e-02 1.136187120588402245e-02 1.000000000000000000e+00 -9.999999999999966693e-01 7.051682713573895200e-02 1.194660566759987164e-01 1.331412878909763777e-06 1.331412878909763777e-06
9.161875633179404621e-02 1.004217598251155724e-01 6.178416861429620460e-02 9.782855490537317733e-02 1.000000000000000000e+00 9.999999999999993339e-01 3.396061619494853967e-01 3.935616860816615881e-01 9.656021758867610742e-166 9.656021758867610742e-166
2.081323915931645660e-02 9.367526670425571980e-03 1.226179135941476289e-02 5.797143716518488032e-03 1.000000000000000000e+00 1.000000000000004441e+00 4.831781603776071077e-02 6.738096994681333496e-02 2.298989014968260552e-04 2.298989014968260552e-04
3.821162915512653357e-02 7.696333474927243880e-03 8.343072064091410986e-03 -9.202005773187777772e-04 1.000000000000000000e+00 9.999999999999964473e-01 2.630938831753774215e-02 5.272892864518577416e-02 9.484707306510477276e-02 9.484707306510477276e-02
1.360785060252069426e-02 2.651071193590150837e-02 1.319519700403249535e-02 5.276363050553178023e-03 1.000000000000000000e+00 -1.000000000000000000e+00 6.981971468454049867e-02 1.397731308437309694e-01 2.520371144719212400e-04 2.520371144719212400e-04
2.320158083853856440e-02 1.193342374175258291e-01 2.934186568203732762e-02 1.975618008178883431e-02 1.000000000000000000e+00 1.000000000000000000e+00 1.204322008039878100e-01 4.282831658927214319e-02 1.086324448239010596e-26 1.086324448239010596e-26
3.031058264280359418e-02 4.455559546567517369e-03 3.012384086317659946e-03 -5.500730686089826994e-03 1.000000000000000000e+00 9.999999999999966693e-01 9.181431428525723901e-03 8.777727472135789244e-02 5.976910305871798723e-01 5.976910305871798723e-01
9.901172823409003926e-03 -6.652020920598924157e-03 2.675648262603791405e-02 -3.194170212658309013e-03 1.000000000000000000e+00 -1.000000000000002220e+00 7.813325650199788586e-02 7.769924645135242725e-02 6.745333461092010334e-04 6.745333461092010334e-04
4.868980023884710712e-02 2.046870672565072324e-02 2.540809992802263093e-02 5.050826462049550977e-03 1.000000000000000000e+00 9.999999999999886757e-01 4.268037836366198046e-02 8.539248341832916811e-02 1.872945847533595705e-04 1.872945847533595705e-04
4.752483015427530488e-02 8.020073175768591481e-03 3.946233454491971521e-02 8.127515111727279251e-02 1.000000000000000000e+00 9.999999999999988898e-01 1.127868884106913439e-01 1.457465084187074267e-01 9.307842116028513507e-15 9.307842116028513507e-15
1.095622721559767754e-01 1.602095805324331435e-01 1.445418791591132346e-01 1.631842596699687453e-01 1.000000000000000000e+00 1.000000000000003331e+00 3.080638833741567995e-01 4.379596771532568433e-01 8.597534576071156948e-45 8.597534576071156948e-45
3.276036636624885673e-02 8.766168238485758102e-02 3.479703334331910730e-02 4.440307390122125858e-02 1.000000000000000000e+00 -9.999999999999937828e-01 1.190663440154658276e-01 9.441503821650547301e-02 1.446914713855091610e-17 1.446914713855091610e-17
4.689488670010959898e-02 -2.106851825059605568e-03 2.499446608653765889e-02 2.486306703396940973e-02 1.000000000000000000e+00 -1.000000000000005107e+00 4.901661502774653373e-02 1.667347566194113673e-01 1.066706410752582263e-06 1.066706410752582263e-06
3.032794655811309886e-02 4.240427255550212327e-02 2.540080756771961185e-02 1.176871191201403835e-02 1.000000000000000000e+00 -9.999999999999991118e-01 7.497132143963837481e-02 1.147219871827197535e-01 1.292749519192684412e-06 1.292749519192684412e-06
2.035176291415737720e-02 1.262737982897207782e-02 2.776770784474876658e-02 6.006378645390951336e-03 1.000000000000000000e+00 9.999999999999937828e-01 3.903505394279559865e-02 -7.176799224910165344e-03 4.744212569387293646e-03 4.744212569387293646e-03
2.780945253293765768e-02 6.829138520016519998e-02 3.303178239898019175e-02 4.481402725102119622e-02 1.000000000000000000e+00 1.000000000000000222e+00 9.513988600045190924e-02 1.546315957621051951e-01 2.111370283150991571e-07 2.111370283150991571e-07
3.397181438528539682e-02 2.554891764694330880e-02 3.956070002873730146e-02 2.957875644592610279e-02 0.000000000000000000e+00 -8.307951339184009854e-01 1.091890208145705060e-01 1.259177502439496055e-01 6.309360043033913948e-20 6.309360043033913948e-20
1.791551769319056284e-02 -3.037442805768430284e-03 1.384065017996649952e-02 2.425410949927810089e-02 1.000000000000000000e+00 -1.000000000000002220e+00 5.054943955543279160e-02 9.342804968670689880e-02 1.403330378788513825e-06 1.403330378788513825e-06
2.006421030756512860e-02 5.193181440270312060e-02 3.193539980680280832e-02 5.649842085910991400e-03 1.000000000000000000e+00 9.999999999999797939e-01 7.935230901671519455e-02 1.032721325733228918e-01 9.459420718750439649e-15 9.459420718750439649e-15
4.224326645968464605e-02 4.243684455581786530e-02 1.608982341213976291e-02 5.427368067620084308e-02 1.000000000000000000e+00 -1.000000000000001332e+00 2.972525162669076987e-02 9.211741182028651553e-02 4.673734648033191497e-01 4.673734648033191497e-01
4.465872602062413710e-02 4.596028695547781789e-02 4.984567793530950142e-02 2.055358568604762765e-02 1.000000000000000000e+00 1.000000000000001554e+00 9.239665170474613276e-02 9.494257095296781968e-02 1.251866971020847423e-08 1.251866971020847423e-08
