1.027041843644680985e-01 5.707378182376154907e-02 1.777769102903954401e-01 1.422412646815916504e-01 1.000000000000000000e+00 1.000000000000000444e+00 1.498733915739999256e-01 3.159958395150829213e-01 2.071750015384910600e-03 2.071750015384910600e-03
4.054558250989508811e-02 1.638173305447881631e-02 8.185080987059102642e-02 1.161011911872319134e-02 1.000000000000000000e+00 1.000000000000000000e+00 1.331311970297084923e-01 2.218455551887441035e-01 2.246245447935510184e-16 2.246245447935510184e-16
1.140462864026863116e-01 9.395924804670068020e-02 6.857245961560863579e-02 3.519809755025814224e-02 1.000000000000000000e+00 -9.999999999999997780e-01 5.517687493488117323e-02 2.285478854815902738e-01 2.592020792402406348e-01 2.592020792402406348e-01
7.803545339570371053e-02 2.532738522641455811e-02 2.264881513602555463e-02 1.247800568639208067e-02 1.000000000000000000e+00 1.000000000000005329e+00 5.290841678606267307e-02 4.309660662616017490e-02 7.935091201764092649e-04 7.935091201764092649e-04
4.570244901985028724e-02 4.210472063588970026e-02 3.673269185084386546e-02 1.633530991923192593e-02 1.000000000000000000e+00 1.000000000000000222e+00 1.618150230813674151e-01 2.119168535897903161e-01 2.890926167846127041e-15 2.890926167846127041e-15
2.128436859487296134e-02 5.667549567756074297e-02 6.663802349232145206e-02 1.099495994862212112e-01 1.000000000000000000e+00 -1.000000000000004441e+00 8.099780911338316791e-02 1.676334319758706060e-01 6.018181246664777739e-05 6.018181246664777739e-05
4.872800481334630535e-02 1.815826983858818272e-02 4.766726094924661483e-02 3.060445860841562449e-02 1.000000000000000000e+00 -9.999999999999966693e-01 6.512621082278016726e-02 1.223072314530496418e-01 1.082339627063979852e-07 1.082339627063979852e-07
4.657271626212323296e-02 4.175059540786132256e-02 3.687338483658560845e-02 1.449398613324193348e-02 1.000000000000000000e+00 -9.999999999999851230e-01 1.351795923195587834e-01 1.463290116013580278e-01 3.673743003368365329e-27 3.673743003368365329e-27
5.629484354098875792e-02 2.715837543079527641e-02 2.040217140339155646e-02 1.406061338813179712e-02 1.000000000000000000e+00 -1.000000000000001110e+00 9.327049706894127712e-02 8.827564189176245746e-02 1.099069369430339792e-13 1.099069369430339792e-13
1.076471732248898416e-01 1.925793483706996212e-01 9.863634162046491793e-02 1.485669423377663778e-01 1.000000000000000000e+00 -9.999999999999993339e-01 -5.619381520049628043e-02 -1.192992110285708007e-02 4.859488488397211703e-01 4.859488488397211703e-01
2.217846379861743503e-02 2.531033427504498015e-02 1.928610708210317173e-02 1.890709934945580817e-02 1.000000000000000000e+00 -1.000000000000001332e+00 1.162803959367801898e-01 7.978969559995162386e-02 5.482440112916684194e-20 5.482440112916684194e-20
4.605865467926688328e-02 1.146728194472392904e-03 7.560255864515591506e-02 2.588666089051488983e-02 1.000000000000000000e+00 -1.000000000000004663e+00 5.686200600916645892e-02 8.269045168040407845e-02 5.781917766642597411e-04 5.781917766642597411e-04
1.173006511752066744e-01 4.271372465623885645e-02 7.131434091591329349e-02 1.193262090559860447e-02 1.000000000000000000e+00 9.999999999999968914e-01 1.976168265813449954e-01 1.156846503529702919e-01 1.619252807989695288e-16 1.619252807989695288e-16
4.928161603811153507e-02 9.120735147581132685e-02 4.944505759009285711e-02 6.444600687876438083e-02 1.000000000000000000e+00 -1.000000000000002665e+00 2.760774729421888174e-01 3.075164845355604637e-01 1.703951832298758488e-80 1.703951832298758488e-80
3.686206050241937204e-02 1.901155990954511987e-01 6.818756619811623676e-02 1.435734703295984682e-01 1.000000000000000000e+00 -1.000000000000000666e+00 1.599786437127320715e-01 1.539168936628108053e-01 4.084112779251691053e-07 4.084112779251691053e-07
2.136767796290327259e-02 3.367157814922792924e-02 3.270570189816227741e-02 4.259020270689255899e-02 1.000000000000000000e+00 1.000000000000000888e+00 4.871728099645936116e-02 1.610994104497545931e-01 7.920521805382501820e-03 7.920521805382501820e-03
1.048073613670494342e-01 6.295272373505196584e-02 3.759362378868579685e-02 1.950745954721391437e-02 1.000000000000000000e+00 -9.999999999999997780e-01 1.084670316256636236e-01 1.333940908946771309e-01 2.413585924161776344e-07 2.413585924161776344e-07
4.550582783059309300e-02 2.114367046458641153e-01 7.560338628615752288e-02 3.902261857468395378e-01 1.000000000000000000e+00 1.000000000000000444e+00 2.220330145088652563e-01 3.006879424745557694e-01 6.086001994134952742e-02 6.086001994134952742e-02
5.424152241415363535e-02 2.331117517546744261e-02 4.448126779839989969e-02 3.577392915610250190e-02 1.000000000000000000e+00 9.999999999999944489e-01 7.282092141736036528e-02 1.455439361863665737e-01 1.034346555243226688e-05 1.034346555243226688e-05
1.247809711117880693e-01 2.265301763842022531e-01 1.551929082578497598e-01 1.612165436806989871e-01 1.000000000000000000e+00 1.000000000000000222e+00 -4.379714007381436437e-03 1.138504186838708160e-01 9.637802673858943958e-01 9.637802673858943958e-01
6.222244266153633546e-02 1.706575720434578836e-01 1.086068474983294396e-01 2.099869277014474456e-01 1.000000000000000000e+00 9.999999999999984457e-01 2.153372942687319103e-01 3.087273020708444782e-01 1.170572842808556210e-18 1.170572842808556210e-18
7.711582118760827720e-02 9.794207538391094814e-02 1.040380689489155130e-01 1.984112496063735603e-02 1.000000000000000000e+00 -1.000000000000000888e+00 4.556832176466289741e-02 1.082784740533299442e-02 5.113432642626222213e-01 5.113432642626222213e-01
5.630404060033403907e-02 -8.434631243371425169e-03 2.655820900983186378e-02 -6.927661142010130974e-03 1.000000000000000000e+00 1.000000000000004441e+00 4.997742310453205661e-02 1.454221749901803973e-01 1.759826645510823018e-02 1.759826645510823018e-02
3.001281885105457417e-02 7.245895940378223321e-02 1.712691356193067269e-02 7.370965091186174045e-02 1.000000000000000000e+00 9.999999999999988898e-01 5.016331637743553368e-02 9.166629740543193183e-02 6.004430662216740655e-02 6.004430662216740655e-02
7.855610500186857581e-02 1.143305947761866399e-02 3.991160219591964597e-02 2.999156554389173154e-02 1.000000000000000000e+00 9.999999999999993339e-01 4.513924580737074116e-02 1.572624754737446118e-01 6.140642250539433272e-02 6.140642250539433272e-02
2.701542784443920764e-02 1.325847517869993726e-02 4.473347563236627217e-02 2.381212178701956964e-02 1.000000000000000000e+00 1.000000000000001776e+00 2.480255294248833939e-02 1.442823523687246090e-01 3.657316451817096414e-01 3.657316451817096414e-01
2.579178869360387177e-02 4.940913316026773749e-02 3.241955233331705877e-02 1.179369754227556008e-02 1.000000000000000000e+00 -9.999999999999995559e-01 7.447594489946805785e-02 8.322602543413115672e-02 3.995689362584575288e-04 3.995689362584575288e-04
5.383431665901818042e-02 5.642431666777533023e-02 5.805134208023021020e-02 5.752062693879275712e-02 1.000000000000000000e+00 -9.999999999999984457e-01 2.095161294521542816e-01 2.744231381555398697e-01 6.118239104732836937e-12 6.118239104732836937e-12
2.838269903812657563e-02 1.710111633615418389e-02 3.586443910045229028e-02 -1.891205516853039720e-03 1.000000000000000000e+00 9.999999999999951150e-01 3.518354392177718698e-02 1.125886298317298195e-01 8.165783327672046510e-02 8.165783327672046510e-02
6.390936764510460333e-02 1.875604944861109652e-02 3.498685397538261327e-02 2.209730586673225999e-02 1.000000000000000000e+00 1.000000000000012434e+00 8.416851943643680056e-02 1.425755454241391385e-01 5.629419349532464463e-18 5.629419349532464463e-18
4.072759868937391586e-02 8.497826714649130142e-02 2.581298955017735999e-02 1.889180248757377917e-02 1.000000000000000000e+00 -1.000000000000005773e+00 1.446360874500984273e-01 1.231523735844322204e-01 1.205944762212887349e-26 1.205944762212887349e-26
3.140816311562385360e-02 6.997217275236780609e-02 2.635399547584876823e-02 1.095544738561767817e-01 1.000000000000000000e+00 -1.000000000000000666e+00 7.246040650877597078e-02 2.647664860794557984e-01 1.879497059612598271e-04 1.879497059612598271e-04
2.854368184254798060e-02 1.133253131875323200e-02 2.198064452773916544e-02 3.349314282410667531e-02 1.000000000000000000e+00 9.999999999999995559e-01 1.065691082661629763e-01 2.168148832802407333e-01 9.744886820161748433e-05 9.744886820161748433e-05
1.092260461899071111e-01 8.373517491557112835e-02 7.151461453899171650e-02 4.543001550641025815e-02 1.000000000000000000e+00 -9.999999999999988898e-01 1.413675528828632344e-01 1.973328221375954539e-01 9.952394714003733293e-15 9.952394714003733293e-15
7.368340147099268489e-02 2.150089885780756549e-02 3.840638087063293765e-02 3.760798313971168427e-02 1.000000000000000000e+00 -1.000000000000000888e+00 6.509325170119795688e-03 1.193663746974714113e-01 6.231855020717735893e-01 6.231855020717735893e-01
2.431312998498830896e-02 6.022374167462504757e-02 3.142729801099090892e-02 1.091054274906871624e-01 1.000000000000000000e+00 -1.000000000000002442e+00 1.082107681565533386e-01 1.892061087921610985e-01 1.391544657223671581e-06 1.391544657223671581e-06
4.068728641919112932e-02 1.220967910498800407e-01 3.272316298686659547e-02 1.072476012115331639e-01 1.000000000000000000e+00 1.000000000000001110e+00 1.252246167947657085e-01 2.189038282525549439e-01 4.983117612259774050e-10 4.983117612259774050e-10
4.308232645260295923e-02 4.636614459393808424e-02 3.411432730483206915e-02 3.274912639276075094e-02 1.000000000000000000e+00 9.999999999999940048e-01 3.312059695178899699e-02 1.404763618477321840e-01 3.756127221461355928e-03 3.756127221461355928e-03
1.135413465335199761e-02 9.190670727347931279e-02 2.094597563538518406e-02 7.598352937949462427e-02 1.000000000000000000e+00 -9.999999999999964473e-01 6.463543711347462251e-02 1.714450154130253423e-01 6.857403992256936318e-04 6.857403992256936318e-04
9.695533588329077745e-02 2.889761575453520664e-02 9.345540457419307390e-02 3.369106040842895222e-02 1.000000000000000000e+00 -1.000000000000002220e+00 5.249530917689732706e-02 1.862583091131092550e-01 1.647240813121754188e-01 1.647240813121754188e-01
1.047818347715949727e-01 6.643913735376869023e-02 7.597398973182088733e-02 2.904703506724675560e-02 1.000000000000000000e+00 9.999999999999988898e-01 7.304332947617944716e-02 1.184270908418069146e-01 7.380076835157391157e-02 7.380076835157391157e-02
5.004073726835610997e-02 4.311138287048505574e-02 4.235569065508688197e-02 2.277672295414995621e-02 1.000000000000000000e+00 -9.999999999999971134e-01 1.588548407305354071e-01 1.795924155894517982e-01 1.126452705020665882e-11 1.126452705020665882e-11
5.967050598283919760e-02 5.245909681393056551e-03 3.322582093305580936e-02 3.410294556586000031e-02 1.000000000000000000e+00 -1.000000000000000000e+00 5.168934253054296990e-02 6.492608942819598494e-02 1.881175820216759720e-01 1.881175820216759720e-01
2.606811881502929876e-02 4.017275275640743576e-02 2.090603465941264297e-02 8.295104001752259815e-02 1.000000000000000000e+00 -9.999999999999933387e-01 1.570494019927340390e-01 2.059860854584289469e-01 4.140690303558357962e-16 4.140690303558357962e-16
2.833840810821494985e-02 9.369770081691476682e-02 3.704537772246017935e-02 8.381658435557060027e-02 1.000000000000000000e+00 -9.999999999999982236e-01 1.483416961744426776e-01 2.141204841999496122e-01 3.060578843151580069e-37 3.060578843151580069e-37
2.840993393359637215e-02 4.743333017959861647e-02 2.907337651054034411e-02 2.656526467521503482e-02 1.000000000000000000e+00 -9.999999999999928946e-01 4.231369240778682511e-02 9.209417594014056296e-02 1.885359531176329997e-02 1.885359531176329997e-02
2.575284977594656521e-02 7.989972060793146258e-02 4.282502433753203330e-02 6.501341278599637175e-02 1.000000000000000000e+00 -1.000000000000002442e+00 1.651655080467728520e-01 1.519075608641258512e-01 4.859199396494186008e-13 4.859199396494186008e-13
7.625912605471789341e-02 -1.028565276379847515e-02 3.253667287933384444e-02 -1.641366850494643120e-02 1.000000000000000000e+00 -1.000000000000003331e+00 -1.007514115803463109e-03 7.522336141249144625e-02 9.626569938080415945e-01 9.626569938080415945e-01
6.997523725982499054e-02 9.724226529258035712e-02 6.163396836202100770e-02 6.837045693644226707e-02 1.000000000000000000e+00 -1.000000000000002887e+00 3.745737410104033049e-01 1.474147794561492530e-01 2.142633504681848429e-92 2.142633504681848429e-92
1.344586468726479689e-01 5.229184721038960398e-02 1.476277596461146591e-01 1.248266942955594816e-01 1.000000000000000000e+00 1.000000000000000444e+00 2.337509811686257488e-01 3.072850014737932844e-01 8.366634272543211036e-21 8.366634272543211036e-21
3.261780119882371626e-02 4.870401670027222490e-02 2.688722408283153106e-02 4.510144843716894919e-02 1.000000000000000000e+00 1.000000000000002220e+00 9.915086612040253933e-02 2.447908232435306863e-01 2.376768467114039346e-06 2.376768467114039346e-06
9.061134587326659384e-02 9.653585358299268671e-02 6.948454497655719153e-02 5.266959640908853990e-02 1.000000000000000000e+00 9.999999999999875655e-01 7.425074245291697628e-02 1.335269693532557533e-01 8.358315426705564874e-09 8.358315426705564874e-09
3.669478483129353513e-02 9.150511556854835915e-02 5.464671851102528843e-02 9.226372410877949071e-02 1.000000000000000000e+00 1.000000000000003553e+00 1.308908351097759215e-01 2.541106365046382765e-01 1.003515499041750838e-09 1.003515499041750838e-09
5.146473408108532405e-02 6.117428337607122568e-02 3.266644688282168557e-02 9.255102075413277479e-03 1.000000000000000000e+00 9.999999999999982236e-01 8.350125038969355429e-02 9.471940765326965217e-02 4.747597179736956105e-08 4.747597179736956105e-08
3.037441155375601026e-02 8.602492511361561900e-02 2.816711826820151796e-02 1.030578700350969212e-01 1.000000000000000000e+00 -1.000000000000004441e+00 1.462292906032559014e-01 1.645778549173834149e-01 1.589021390002993827e-19 1.589021390002993827e-19
5.840134284066716974e-02 1.006648056529346226e-02 6.607225017879456153e-02 9.198409784693032179e-03 1.000000000000000000e+00 -9.999999999999993339e-01 8.750444144208498198e-02 6.135617904719523757e-02 2.040737911699870566e-02 2.040737911699870566e-02
5.012130376834500467e-02 5.870328101679014171e-02 5.301256986272932098e-02 7.717765756433156432e-02 1.000000000000000000e+00 -1.000000000000000222e+00 8.986293962517984124e-02 1.831317830663113377e-01 8.306233529315727491e-16 8.306233529315727491e-16
2.494628356024485363e-02 1.149977735255300684e-02 6.119965695994771665e-02 1.725398619219917218e-02 1.000000000000000000e+00 -1.000000000000012657e+00 6.873706275953349321e-02 4.172992485641552340e-02 2.052182423302593069e-08 2.052182423302593069e-08
7.013427461154549125e-02 2.093868960891536943e-02 4.216745019057387134e-02 -2.034964738124519622e-03 1.000000000000000000e+00 -1.000000000000011324e+00 1.003562724570204318e-01 9.872176751072098133e-02 6.198975273307773522e-10 6.198975273307773522e-10
5.569823515259798852e-02 1.511354304607809632e-02 4.618573621795529771e-02 9.933296916554601626e-04 1.000000000000000000e+00 9.999999999999906741e-01 9.100900972140667233e-02 1.281327545858384764e-01 9.662600033696669453e-08 9.662600033696669453e-08
